Balance	0.33	0.33	0.33
H_dominance	1	0	0
St1_dominance	0	1	0
St2_dominance	0	0	1
H_suppressed	0	0.5	0.5
St1_suppressed	0.5	0	0.5
St2_suppressed	0.5	0.5	0
1	0.266386	0.466401	0.267213
2	0.3439	0.478919	0.177181
3	0.252062	0.588183	0.159755
4	0.219707	0.359488	0.420805
5	0.321263	0.327956	0.350781
6	0.47669	0.281365	0.241945
7	0.100886	0.637404	0.26171
8	0.244212	0.464193	0.291595
9	0.0524961	0.78173	0.165774
10	0.294765	0.343001	0.362234
11	0.0530871	0.623606	0.323307
12	0.00117881	0.555778	0.443044
13	0.274559	0.252402	0.473039
14	0.351187	0.334669	0.314145
15	0.0792272	0.172311	0.748462
16	0.322963	0.31107	0.365967
17	0.284081	0.525109	0.19081
18	0.330325	0.449745	0.21993
19	0.248813	0.49411	0.257078
20	0.36403	0.319869	0.316102
21	0.326872	0.315386	0.357742
22	0.203214	0.42701	0.369776
23	0.395813	0.429066	0.175121
24	0.891265	0.108735	0
25	0.364646	0.344799	0.290555
26	0.378084	0.616752	0.00516379
27	0.295188	0.488467	0.216344
28	0.234437	0.564783	0.20078
29	0.351314	0.385547	0.26314
30	0.295716	0.382236	0.322048
31	0.288133	0.417807	0.29406
32	0.282696	0.455727	0.261577
33	0.323871	0.366763	0.309366
34	0.0277916	0.683377	0.288832
35	0.0593046	0.93625	0.00444538
36	0.343943	0.352039	0.304018
37	0.211745	0.7144	0.0738543
38	0.00267341	0.646939	0.350388
39	0.894989	0.0540391	0.0509717
40	0.227912	0.446629	0.325459
41	0.271707	0.445665	0.282628
42	0.541496	0.254755	0.203749
43	0.249784	0.390275	0.359941
44	0.305167	0.560474	0.134359
45	0.995067	0.00203053	0.00290225
46	0.200686	0.720158	0.0791567
47	0.446397	0.29975	0.253852
48	0.327749	0.255655	0.416595
49	0.0343184	0.336236	0.629445
50	0.83323	0.0738792	0.0928904
51	0.342966	0.299321	0.357713
52	0.387262	0.282033	0.330705
53	0.337626	0.346999	0.315375
54	0.354155	0.34874	0.297104
55	0.519393	0.125176	0.355431
56	0.434216	0.347802	0.217982
57	0.659465	0.196492	0.144043
58	0.420089	0.557112	0.0227988
59	0.104891	0.252991	0.642118
60	0.241371	0.423912	0.334718
61	0.468821	0.19361	0.337568
62	0.0755433	0.0161295	0.908327
63	0.350066	0.352451	0.297483
64	0.328628	0.366451	0.304921
65	0.363167	0.106594	0.530239
66	0.343786	0.523533	0.132681
67	0.91843	0.0755047	0.00606544
68	0.2402	0.544957	0.214844
69	0.770826	0.178	0.0511738
70	0.424707	0.277406	0.297887
71	0.783241	0.130478	0.0862812
72	0.519703	0.278823	0.201474
73	0.0318081	0.0862798	0.881912
74	0.483841	0.391769	0.12439
75	0.2358	0.421581	0.342619
76	0.218324	0.335985	0.445691
77	0.278983	0.419728	0.30129
78	0.271018	0.491569	0.237413
79	0.378684	0.27347	0.347847
80	0.330664	0.439544	0.229792
81	0.35661	0.446142	0.197247
82	0.122165	0.867075	0.0107594
83	0.336958	0.399107	0.263935
84	0.00440918	0.564194	0.431397
85	0.994879	0.0047422	0.000378518
86	0.312508	0.400733	0.286759
87	0.233303	0.708862	0.057835
88	0.485648	0.28723	0.227123
89	0.0138434	0.600927	0.385229
90	0.402698	0.520506	0.0767961
91	0.498575	0.44536	0.0560655
92	0.304102	0.391133	0.304765
93	0.33903	0.379012	0.281959
94	0.0542811	0.666177	0.279542
95	0.292934	0.544536	0.162531
96	0.484678	0.295846	0.219476
97	0.218547	0.474584	0.306868
98	0.166652	0.605191	0.228156
99	0.4746	0.409878	0.115522
100	0.438629	0.427739	0.133631
101	0.684782	0.295785	0.019433
102	0.3998	0.428184	0.172016
103	0.518789	0.332354	0.148856
104	0.285013	0.388068	0.326919
105	0.31748	0.450861	0.23166
106	0.353066	0.390697	0.256237
107	0.375983	0.325926	0.298091
108	0.537116	0.21946	0.243424
109	0.0338992	0.688625	0.277476
110	0.14792	0.427898	0.424182
111	0.287297	0.346927	0.365776
112	0.493917	0.244113	0.26197
113	0.0848184	0.666191	0.24899
114	0.0198135	0.221755	0.758431
115	0.0217027	0.975765	0.00253244
116	0.362848	0.469381	0.167771
117	0.15961	0.746026	0.0943639
118	0.397198	0.331793	0.271009
119	0.301832	0.447926	0.250241
120	0.849188	0.130201	0.0206108
121	0.38641	0.40695	0.20664
122	0.439501	0.264215	0.296283
123	0.161308	0.498783	0.339909
124	0.35538	0.316921	0.327699
125	0.330759	0.38842	0.280821
126	0.239016	0.511111	0.249873
127	0.0363151	0.877011	0.0866737
128	0.00249147	0.875356	0.122153
129	0.00890454	0.978735	0.0123609
130	0.257555	0.406163	0.336282
131	0.33274	0.462885	0.204375
132	0.591634	0.355458	0.0529077
133	0.441406	0.24803	0.310564
134	0.373954	0.377001	0.249045
135	0.282773	0.374433	0.342794
136	0.543565	0.455481	0.000953816
137	0.478306	0.356409	0.165285
138	0.30336	0.563762	0.132878
139	0.317509	0.40062	0.281871
140	0.194015	0.66041	0.145574
141	0.381282	0.356389	0.262329
142	0.641671	0.241583	0.116745
143	0.384571	0.276757	0.338672
144	0.33801	0.3638	0.29819
145	0.289084	0.498609	0.212308
146	0.131786	0.607656	0.260558
147	0.0585065	0.671556	0.269937
148	0.236368	0.437778	0.325854
149	0.354088	0.398487	0.247425
150	0.184549	0.425792	0.389659
151	0.501897	0.2895	0.208603
152	0.801002	0.137288	0.0617096
153	0.415341	0.466723	0.117936
154	0.438424	0.262325	0.299251
155	0.403124	0.373173	0.223703
156	0.274236	0.369199	0.356565
157	0.501711	0.292798	0.205491
158	0.295399	0.302873	0.401728
159	0.464744	0.248407	0.286849
160	0.276687	0.315814	0.407498
161	0.580678	0.41299	0.00633136
162	0.477213	0.370305	0.152482
163	0.24934	0.241727	0.508934
164	0.187138	0.361436	0.451427
165	0.509529	0.247029	0.243441
166	0.426814	0.355802	0.217384
167	0.281459	0.565319	0.153222
168	0.331124	0.495415	0.173461
169	0.430197	0.397752	0.172051
170	0.111401	0.766622	0.121977
171	0.944831	0	0.0551686
172	0.374095	0.428597	0.197308
173	0.583015	0.222686	0.194299
174	0.343896	0.619296	0.0368081
175	0.304806	0.401953	0.29324
176	0.552548	0.303453	0.144
177	0.380316	0.469248	0.150436
178	0.00416651	0.661501	0.334333
179	0.362241	0.337723	0.300036
180	0.537209	0.284465	0.178325
181	0.414401	0.252281	0.333318
182	0.248388	0.672024	0.0795879
183	0.508827	0.273382	0.217792
184	0.011587	0.91656	0.0718528
185	0.274491	0.430716	0.294793
186	0.509664	0.40337	0.0869665
187	0.481878	0.295371	0.222751
188	0.570885	0.149135	0.27998
189	0.645349	0.24495	0.109701
190	0.499619	0.239885	0.260496
191	0.105225	0.861892	0.0328825
192	0.340086	0.456687	0.203227
193	0.315312	0.354837	0.329851
194	0.412176	0.418054	0.169769
195	0.269611	0.292127	0.438262
196	0.0521097	0.896877	0.0510131
197	0.451013	0.348026	0.200962
198	0.163488	0.358152	0.47836
199	0.412283	0.33571	0.252007
200	0.334621	0.39703	0.268349
201	0.211378	0.521407	0.267215
202	0.174877	0.649662	0.175462
203	0.168019	0.527313	0.304669
204	0.5137	0.411619	0.0746813
205	0.234351	0.268757	0.496892
206	0.418989	0.249949	0.331061
207	0.622349	0.136199	0.241452
208	0.413297	0.389857	0.196847
209	0.335182	0.501739	0.163079
210	0.227292	0.583452	0.189256
211	0.361898	0.459753	0.178349
212	0.43355	0.452534	0.113916
213	0.00434531	0.0115614	0.984093
214	0.250528	0.531159	0.218313
215	0.375168	0.500291	0.124541
216	0.514001	0.251699	0.234301
217	0.383929	0.392816	0.223255
218	0.993584	0.00222632	0.00418962
219	0.378736	0.445038	0.176226
220	0.526588	0.258703	0.214709
221	0.342027	0.42319	0.234782
222	0.383392	0.32456	0.292048
223	0.406117	0.418655	0.175228
224	0.527833	0.0870256	0.385141
225	0.684961	0.096213	0.218826
226	0.210869	0.318869	0.470262
227	0.37468	0.29212	0.3332
228	0.552889	0.108666	0.338445
229	0.779231	0.0914672	0.129302
230	0.259548	0.324934	0.415518
231	0.35846	0.294889	0.346651
232	0.287873	0.327742	0.384385
233	0.00110046	0.573636	0.425264
234	0.989636	0.00175357	0.00861087
235	0.473197	0.282385	0.244417
236	0.131064	0.572811	0.296125
237	0.412603	0.521537	0.0658607
238	0.884308	0.0112612	0.104431
239	0.673412	0.300983	0.0256055
240	0.50604	0.176766	0.317194
241	0.381395	0.396737	0.221868
242	0.307447	0.439082	0.253471
243	0.39834	0.434346	0.167314
244	0.420401	0.382306	0.197293
245	0.00875485	0.456334	0.534911
246	0.106802	0.827859	0.065339
247	0.358575	0.345131	0.296294
248	0.356652	0.31424	0.329108
249	0.187791	0.452583	0.359626
250	0.15665	0.574028	0.269322
251	0.364955	0.289045	0.345999
252	0.422043	0.103883	0.474074
253	0.323826	0.349387	0.326787
254	0.354358	0.430732	0.21491
255	0.632781	0.180009	0.18721
256	0.936715	0.0400816	0.0232031
257	0.0211282	0.760949	0.217922
258	0.5081	0.436567	0.0553325
259	0.862111	0.072947	0.064942
260	0.0536594	0.398166	0.548174
261	0.325862	0.444894	0.229244
262	0.431711	0.375694	0.192595
263	0.455635	0.297463	0.246901
264	0.265751	0.414846	0.319402
265	0.342445	0.338	0.319556
266	0.94193	0.0440204	0.0140498
267	0.315495	0.498689	0.185816
268	0.416477	0.334441	0.249082
269	0.513147	0.324014	0.16284
270	0.282425	0.417748	0.299826
271	0.344758	0.409442	0.2458
272	0.760386	0.146287	0.0933277
273	0.457958	0.330735	0.211308
274	0.180804	0.409988	0.409208
275	0.399764	0.267664	0.332572
276	0.617437	0.209698	0.172864
277	0.329291	0.431223	0.239486
278	0.306511	0.386101	0.307388
279	0.277837	0.515056	0.207106
280	0.259226	0.371666	0.369108
281	0.203682	0.437468	0.35885
282	0.147438	0.666043	0.186519
283	0.432403	0.327677	0.23992
284	0.352598	0.405204	0.242198
285	0.229119	0.509318	0.261563
286	0.358972	0.489729	0.151299
287	0.45075	0.300885	0.248365
288	0.236044	0.437225	0.326732
289	0.313976	0.522015	0.16401
290	0.397713	0.354887	0.2474
291	0.483665	0.261264	0.255071
292	0.305007	0.446535	0.248458
293	0.907854	0.0821927	0.0099537
294	0.316265	0.430667	0.253067
295	0.367798	0.309306	0.322896
296	0.501816	0.491542	0.00664212
297	0.514206	0.128968	0.356826
298	0.503539	0.342681	0.15378
299	0.600477	0.17414	0.225383
300	0.351058	0.237227	0.411715
301	0.536034	0.201382	0.262585
302	0.354797	0.422843	0.22236
303	0.32399	0.366464	0.309546
304	0.414356	0.441544	0.1441
305	0.404364	0.374916	0.22072
306	0.341844	0.164388	0.493768
307	0.382271	0.282885	0.334844
308	0.980706	0.00723861	0.0120558
309	0.567718	0.26594	0.166342
310	0.148347	0.591948	0.259705
311	0.399706	0.394904	0.20539
312	0.529956	0.297496	0.172548
313	0.226699	0.611789	0.161512
314	0.0414643	0.906904	0.0516312
315	0.436283	0.253342	0.310375
316	0.484601	0.351115	0.164284
317	0.577129	0.313344	0.109527
318	0.674455	0.222953	0.102592
319	0.357451	0.396998	0.245551
320	0.322465	0.305534	0.372001
321	0.413622	0.352024	0.234354
322	0.4085	0.255741	0.335759
323	0.424496	0.175158	0.400346
324	0.317277	0.395295	0.287428
325	0.313143	0.278263	0.408594
326	0.418881	0.301023	0.280096
327	0.215238	0.59213	0.192632
328	0.874896	0.0704994	0.0546047
329	0.0245841	0.585924	0.389492
330	0.636818	0.328797	0.034385
331	0.490932	0.123821	0.385247
332	0.0539269	0.87651	0.0695632
333	0.442896	0.339824	0.21728
334	0.19081	0.735592	0.0735981
335	0.342142	0.377112	0.280746
336	0.229822	0.661236	0.108942
337	0.578094	0.116529	0.305377
338	0.464838	0.460077	0.0750851
339	0.345911	0.403958	0.250131
340	0.515626	0.246288	0.238086
341	0.396476	0.310409	0.293114
342	0.283116	0.19531	0.521574
343	0.581808	0.225233	0.192959
344	0.55306	0.160393	0.286547
345	0.281658	0.219564	0.498778
346	0.452318	0.240758	0.306924
347	0.438824	0.274313	0.286863
348	0.469314	0.249831	0.280856
349	0.431895	0.208996	0.35911
350	0.571386	0.174941	0.253673
351	0.464725	0.259199	0.276076
352	0.406481	0.318389	0.27513
353	0.720299	0.111628	0.168073
354	0.497905	0.244974	0.257121
355	0.317347	0.308623	0.374029
356	0.465472	0.284297	0.250231
357	0.511198	0.272348	0.216455
358	0.105085	0.450022	0.444893
359	0.324977	0.111649	0.563374
360	0.139818	0.341978	0.518204
361	0.09934	0.00642345	0.894237
362	0.276462	0.414694	0.308844
363	0.265928	0.350044	0.384028
364	0.279234	0.311211	0.409556
365	0.321483	0.35221	0.326307
366	0.290191	0.377933	0.331877
367	0.255054	0.25341	0.491535
368	0.632571	0.320983	0.0464459
369	0.265953	0.0532161	0.680831
370	0.488978	0.143571	0.36745
371	0.35835	0.0788321	0.562818
372	0.416406	0.195175	0.38842
373	0.267475	0.311487	0.421038
374	0.258545	0.285984	0.455471
375	0.219045	0.310618	0.470337
376	0.316457	0.244384	0.43916
377	0.363124	0.278139	0.358737
378	0.0296578	0.120734	0.849608
379	0.266493	0.387035	0.346473
380	0.327778	0.480424	0.191798
381	0.363467	0.260779	0.375754
382	0.0748081	0.729903	0.195289
383	0.511894	0.222302	0.265804
384	0.250766	0.308896	0.440338
385	0.425692	0.221607	0.352701
386	0.237693	0.284376	0.477931
387	0.282807	0.330658	0.386536
388	0.415244	0.273244	0.311512
389	0.267316	0.236679	0.496004
390	0.408915	0.0745979	0.516487
391	0.506803	0.135266	0.357931
392	0.249798	0.369533	0.380669
393	0.311743	0.340559	0.347698
394	0.210876	0.419412	0.369711
395	0.32409	0.380515	0.295395
396	0.0853753	0.726315	0.18831
397	0.239899	0.640433	0.119669
398	0.308932	0.412822	0.278246
399	0.988563	0.00103087	0.0104065
400	0.261482	0.290283	0.448235
401	0.3931	0.327447	0.279453
402	0.215089	0.398285	0.386626
403	0.470181	0.308557	0.221262
404	0.366987	0.331849	0.301164
405	0.238839	0.347185	0.413976
406	0.349189	0.284669	0.366143
407	0.409548	0.265887	0.324564
408	0.662873	0.19087	0.146257
409	0.330574	0.226108	0.443318
410	0.192541	0.1214	0.686059
411	0.280866	0.296617	0.422517
412	0.298754	0.323547	0.377699
413	0.459841	0.318472	0.221687
414	0.316433	0.383661	0.299906
415	0.179668	0.470122	0.350211
416	0.325734	0.360735	0.313531
417	0.512027	0.284901	0.203072
418	0.421736	0.334801	0.243463
419	0.255058	0.39858	0.346362
420	0.0756567	0.571725	0.352618
421	0.270156	0.383314	0.34653
422	0.310934	0.338024	0.351042
423	0.0369566	0.810405	0.152638
424	0.318971	0.405628	0.275401
425	0.426495	0.572725	0.000780513
426	0.325131	0.392692	0.282176
427	0.202325	0.381976	0.415699
428	0.312859	0.471878	0.215263
429	0.166535	0.181025	0.65244
430	0.305322	0.308275	0.386403
431	0.282668	0.373781	0.343551
432	0.164915	0.396443	0.438641
433	0.251728	0.399538	0.348733
434	0.297814	0.335832	0.366354
435	0.969875	0.0294023	0.000722548
436	0.210612	0.371707	0.417681
437	0.286037	0.294657	0.419306
438	0	0.384938	0.615062
439	0.292288	0.370503	0.337209
440	0.936163	0.00462528	0.0592122
441	0.355225	0.307935	0.33684
442	0.854665	0.134488	0.0108464
443	0.480438	0.295232	0.22433
444	0.329502	0.477523	0.192975
445	0.372844	0.273736	0.35342
446	0.237824	0.340136	0.422039
447	0.314512	0.226423	0.459064
448	0.295321	0.416759	0.28792
449	0.122837	0.607562	0.269601
450	0.483062	0.516938	0
451	0.211509	0.404752	0.383739
452	0.303878	0.325539	0.370583
453	0.383007	0.339318	0.277675
454	0.171401	0.585087	0.243512
455	0.309183	0.351414	0.339403
456	0.9918	0.00520333	0.00299703
457	0.333645	0.360611	0.305744
458	0.463478	0.238902	0.29762
459	0.344968	0.371792	0.28324
460	0.2849	0.449821	0.265278
461	0.584451	0.415549	0
462	0.499364	0.333467	0.167169
463	0.422493	0.398966	0.178541
464	0.319111	0.40062	0.280269
465	0.333177	0.395849	0.270974
466	0.506034	0.353684	0.140282
467	0.439218	0.312719	0.248062
468	0.352983	0.4902	0.156818
469	0.967537	0.0324626	0
470	0.00988525	0.849312	0.140802
471	0.326499	0.370955	0.302546
472	0.367959	0.372881	0.25916
473	0.246565	0.653831	0.0996042
474	0.445977	0.33368	0.220343
475	0.375417	0.386239	0.238343
476	0.435213	0.353342	0.211445
477	0.116686	0.637329	0.245984
478	0.459633	0.246803	0.293564
479	0.357707	0.36235	0.279943
480	0.476814	0.216664	0.306522
481	0.364415	0.425696	0.209889
482	0.389779	0.335655	0.274567
483	0.579057	0.160734	0.260209
484	0.525128	0.272444	0.202428
485	0.445094	0.235897	0.319009
486	0.237726	0.319855	0.442419
487	0.322581	0.370917	0.306501
488	0.245792	0.409264	0.344944
489	0.353283	0.410203	0.236514
490	0.321973	0.422309	0.255719
491	0.319674	0.389111	0.291215
492	0.33321	0.375169	0.291622
493	0.377675	0.361619	0.260706
494	0.187501	0.501171	0.311329
495	0.356722	0.295596	0.347682
496	0.33571	0.164423	0.499867
497	0.362437	0.338061	0.299502
498	0.348336	0.330862	0.320802
499	0.284756	0.263559	0.451684
500	0.481057	0.261958	0.256986
501	0.35521	0.278657	0.366134
502	0.36825	0.430313	0.201437
503	0.282811	0.38695	0.330239
504	0.33847	0.488216	0.173313
505	0.0899482	0.457461	0.452591
506	0.47371	0.202874	0.323416
507	0.304124	0.358207	0.337669
508	0.188461	0.267687	0.543853
509	0.322069	0.251684	0.426247
510	0.446355	0.248719	0.304926
511	0.330149	0.297175	0.372675
512	0.386912	0.290499	0.322589
513	0.374056	0.437173	0.18877
514	0.180138	0.543225	0.276636
515	0.175883	0.267546	0.556571
516	0.161353	0.401982	0.436665
517	0.309388	0.361221	0.329391
518	0.185386	0.286583	0.528031
519	0.332808	0.350746	0.316446
520	0.8785	0.066365	0.0551348
521	0.241994	0.362814	0.395191
522	0.979708	0.0122651	0.00802702
523	0.245791	0.495003	0.259206
524	0.270897	0.430924	0.298179
525	0.172604	0.528207	0.299189
526	0.201801	0.492193	0.306005
527	0.412515	0.255327	0.332158
528	0.536333	0.265916	0.197751
529	0.383347	0.396834	0.219819
530	0.242821	0.448793	0.308386
531	0.310634	0.357241	0.332125
532	0.289766	0.368929	0.341305
533	0.501092	0.324672	0.174236
534	0.664588	0.164489	0.170923
535	0.24012	0.466672	0.293208
536	0.38272	0.395223	0.222058
537	0.217691	0.430069	0.35224
538	0.251489	0.387077	0.361434
539	0.373757	0.365514	0.260729
540	0.331859	0.375939	0.292201
541	0.126873	0.579199	0.293929
542	0.243358	0.24429	0.512352
543	0.277956	0.541374	0.18067
544	0.294591	0.491178	0.214231
545	0.359591	0.485668	0.154741
546	0.287319	0.415591	0.29709
547	0.551215	0.377729	0.0710556
548	0.245475	0.176801	0.577725
549	0.351999	0.352231	0.29577
550	0.146865	0.635802	0.217332
551	0.432518	0.397253	0.170229
552	0.74509	0.0748631	0.180047
553	0.393939	0.327671	0.278391
554	0.366211	0.369911	0.263878
555	0.627615	0.288737	0.0836474
556	0.279313	0.50585	0.214837
557	0.478276	0.20813	0.313595
558	0.427578	0.539684	0.0327373
559	0.085404	0.596343	0.318253
560	0.127357	0.587787	0.284856
561	0.325172	0.345809	0.329019
562	0.43232	0.357866	0.209815
563	0.565226	0.269299	0.165475
564	0.363367	0.340219	0.296415
565	0.308817	0.528869	0.162314
566	0.503555	0.336327	0.160117
567	0.51182	0.262625	0.225556
568	0.286752	0.390571	0.322677
569	0.317051	0.386976	0.295973
570	0.537209	0.163144	0.299646
571	0.222914	0.223888	0.553197
572	0.419391	0.580609	0
573	0.432499	0.302077	0.265424
574	0.460327	0.206077	0.333596
575	0.350472	0.420758	0.22877
576	0.42977	0.315092	0.255138
577	0.408273	0.327056	0.264671
578	0.341249	0.447553	0.211198
579	0.357633	0.425844	0.216523
580	0.0939051	0.417855	0.48824
581	0.400325	0.305766	0.29391
582	0.484166	0.26184	0.253995
583	0.388772	0.43183	0.179398
584	0.174196	0.208842	0.616962
585	0.349998	0.331575	0.318427
586	0.38688	0.319671	0.293449
587	0.476851	0.385284	0.137866
588	0.364437	0.434832	0.200731
589	0.196838	0.432092	0.37107
590	0.527448	0.354994	0.117559
591	0.430708	0.379897	0.189394
592	0.22404	0.430149	0.345811
593	0.475815	0.196352	0.327833
594	0.302542	0.367005	0.330454
595	0.4513	0.168697	0.380003
596	0.189518	0.556697	0.253785
597	0.338018	0.383187	0.278796
598	0.505362	0.284102	0.210536
599	0.285686	0.303382	0.410932
600	0.358948	0.382189	0.258864
601	0.238733	0.166441	0.594826
602	0.238653	0.284779	0.476568
603	0.967229	0.0247528	0.00801866
604	0.298326	0.322995	0.378678
605	0.173486	0.789882	0.0366311
606	0.998597	0.000689143	0.000714075
607	0.462824	0.241155	0.296022
608	0.419051	0.279328	0.301622
609	0.203611	0.423971	0.372418
610	0.227128	0.372765	0.400107
611	0.223845	0.436657	0.339499
612	0.267663	0.33909	0.393248
613	0.496697	0.388007	0.115296
614	0.353535	0.312336	0.334129
615	0.29809	0.371852	0.330057
616	0.268063	0.374696	0.357242
617	0.268398	0.38489	0.346712
618	0.515406	0.252766	0.231828
619	0.696837	0.0634488	0.239714
620	0.461895	0.21288	0.325226
621	0.175664	0.208514	0.615822
622	0.36046	0.357911	0.281629
623	0.34535	0.432834	0.221816
624	0.0919343	0.159179	0.748887
625	0.25496	0.240633	0.504407
626	0.262654	0.305813	0.431534
627	0.114987	0.223391	0.661621
628	0.206738	0.381907	0.411356
629	0.411125	0.213569	0.375305
630	0.253793	0.253465	0.492742
631	0.39795	0.301944	0.300106
632	0.332264	0.377313	0.290424
633	0.244529	0.374603	0.380868
634	0.123369	0.174259	0.702373
635	0.0643344	0.407728	0.527937
636	0.191345	0.748873	0.0597823
637	0.346733	0.271761	0.381506
638	0.2532	0.145903	0.600897
639	0.264315	0.336409	0.399275
640	0.30568	0.328686	0.365635
641	0.366724	0.301852	0.331424
642	0.444489	0.401804	0.153707
643	0.338508	0.26584	0.395653
644	0.263122	0.369358	0.36752
645	0.328976	0.508773	0.162251
646	0.274058	0.375615	0.350327
647	0.256946	0.32705	0.416005
648	0.269791	0.37397	0.356239
649	0.332953	0.317501	0.349545
650	0.324475	0.254084	0.421441
651	0.533338	0.466662	0
652	0.185274	0.340042	0.474685
653	0.373578	0.204411	0.422011
654	0.254875	0.351542	0.393583
655	0.31455	0.193078	0.492372
656	0.355746	0.340707	0.303547
657	0.351817	0.374181	0.274002
658	0.309157	0.36864	0.322203
659	0.27156	0.455991	0.272448
660	0.220024	0.327587	0.452389
661	0.234478	0.350119	0.415403
662	0.0159984	0.728467	0.255535
663	0.921814	0.0128912	0.0652945
664	0.250744	0.329048	0.420209
665	0.168064	0.405582	0.426354
666	0.19101	0.32964	0.47935
667	0.114797	0.327103	0.5581
668	0.254047	0.391847	0.354106
669	0.418634	0.208013	0.373353
670	0.345091	0.387282	0.267627
671	0.369534	0.24006	0.390406
672	0.322444	0.382761	0.294795
673	0.2827	0.478846	0.238454
674	0.325514	0.332709	0.341777
675	0.224352	0.26502	0.510628
676	0.456661	0.247563	0.295776
677	0.327353	0.36583	0.306817
678	0.433654	0.138088	0.428258
679	0.213018	0.39444	0.392542
680	0.253202	0.455212	0.291586
681	0.244427	0.313113	0.44246
682	0.148239	0.354179	0.497581
683	0.00233116	0.410693	0.586976
684	0.577646	0.00346763	0.418886
685	0.966633	0	0.033367
686	0.0010826	0.161222	0.837695
687	0.0589045	0.714872	0.226224
688	0.317987	0.243527	0.438486
689	0.286353	0.402672	0.310974
690	0.365236	0.315492	0.319272
691	0.375647	0.465171	0.159183
692	0.406719	0.348854	0.244427
693	0.277314	0.597646	0.12504
694	0.403786	0.355765	0.240449
695	0.343443	0.290416	0.366141
696	0.205019	0.429568	0.365413
697	0.507477	0.025369	0.467154
698	0.155275	0.204568	0.640157
699	0.292682	0.38063	0.326688
700	0.47866	0.52134	0
701	0.15592	0.308595	0.535485
702	0.823084	0.0776412	0.0992748
703	0.281757	0.366623	0.35162
704	0.320006	0.330792	0.349202
705	0.365158	0.376028	0.258814
706	0.290276	0.367449	0.342275
707	0.369829	0.343482	0.286689
708	0.492515	0.303817	0.203668
709	0.25596	0.454924	0.289116
710	0.019328	0.132132	0.84854
711	0.318555	0.368075	0.31337
712	0.418996	0.426067	0.154937
713	0.157953	0.6554	0.186647
714	0.0653097	0.633301	0.301389
715	0.271004	0.290794	0.438202
716	0.254413	0.492939	0.252648
717	0.212893	0.351682	0.435426
718	0.25557	0.354107	0.390324
719	0.231139	0.354501	0.41436
720	0.293231	0.347462	0.359308
721	0.417108	0.247878	0.335014
722	0.318954	0.288362	0.392684
723	0.164218	0.403599	0.432183
724	0.45627	0.247876	0.295854
725	0.289438	0.56253	0.148032
726	0.631368	0.252093	0.116539
727	0.360034	0.362488	0.277477
728	0.120052	0	0.879948
729	0.992498	0.00249842	0.00500358
730	0.337397	0.293766	0.368837
731	0.272758	0.373465	0.353777
732	0.154328	0.487195	0.358476
733	0.579509	0.231038	0.189453
734	0.147745	0.348204	0.504051
735	0.21634	0.256536	0.527124
736	0.391558	0.426676	0.181765
737	0.383599	0.476143	0.140258
738	0.115736	0.467705	0.416559
739	0.128794	0.3538	0.517405
740	0.226508	0.4186	0.354892
741	0.278269	0.370231	0.351499
742	0.163358	0.366703	0.469939
743	0.203579	0.611615	0.184806
744	0.405132	0.261753	0.333115
745	0.257952	0.230515	0.511534
746	0.368868	0.363851	0.267281
747	0.389409	0.390227	0.220363
748	0.427357	0.26891	0.303734
749	0.3306	0.318624	0.350776
750	0.121309	0.44941	0.42928
751	0.30131	0.319127	0.379563
752	0.439359	0.395952	0.164688
753	0.364008	0.357856	0.278136
754	0.398498	0.210769	0.390732
755	0.345774	0.251365	0.402861
756	0.391941	0.215327	0.392732
757	0.260687	0.362341	0.376973
758	0.590156	0.133077	0.276767
759	0.237731	0.243947	0.518321
760	0.364841	0.311752	0.323407
761	0.251425	0.375574	0.373001
762	0.295048	0.335309	0.369643
763	0.368894	0.40894	0.222167
764	0.196012	0.404982	0.399007
765	0.101541	0.685735	0.212724
766	0.286394	0.375782	0.337824
767	0.325071	0.13789	0.537038
768	0.331989	0.206514	0.461497
769	0.0587075	0.313356	0.627937
770	0.107019	0.24167	0.651311
771	0.115633	0.132741	0.751626
772	0.0828829	0.133112	0.784005
773	0.324058	0.308818	0.367124
774	0.243326	0.393112	0.363562
775	0.405242	0.224731	0.370027
776	0.312997	0.26862	0.418383
777	0.235793	0.301824	0.462383
778	0.13261	0.559121	0.308269
779	0.335336	0.398635	0.266029
780	0.388775	0.242552	0.368673
781	0.35428	0.295981	0.349739
782	0.216744	0.327576	0.45568
783	0.405038	0.303199	0.291763
784	0.0779606	0.274471	0.647569
785	0.0993722	0.0925693	0.808059
786	0.326355	0.341808	0.331838
787	0.20291	0.323784	0.473306
788	0.21727	0.479682	0.303048
789	0.326756	0.309542	0.363702
790	0.382063	0.328561	0.289376
791	0.307675	0.415326	0.276999
792	0.273901	0.351387	0.374712
793	0.247305	0.401646	0.351049
794	0.487931	0.274701	0.237368
795	0.0675566	0.0453935	0.88705
796	0.568136	0.305094	0.126771
797	0.0891403	0.677238	0.233621
798	0.0891162	0.632517	0.278366
799	0.270293	0.38621	0.343497
800	0.494883	0.153292	0.351824
801	0.361789	0.351871	0.286341
802	0.184206	0.680499	0.135295
803	0.811179	0.141135	0.0476854
804	0.0584431	0.50419	0.437367
805	0.322012	0.374273	0.303715
806	0.528066	0.257239	0.214695
807	0.201859	0.494413	0.303728
808	0.347045	0.441254	0.211701
809	0.372301	0.435086	0.192612
810	0.357997	0.39768	0.244323
811	0.386286	0.240454	0.37326
812	0.384061	0.312417	0.303522
813	0.417257	0.278393	0.30435
814	0.239127	0.482256	0.278617
815	0.293745	0.341435	0.36482
816	0.0790415	0.27543	0.645528
817	0.250107	0.354581	0.395312
818	0.263599	0.417967	0.318434
819	0.217708	0.229996	0.552296
820	0.477373	0.255655	0.266973
821	0.150479	0.457737	0.391783
822	0.362801	0.502887	0.134312
823	0.724645	0.0551817	0.220173
824	0.415513	0.396539	0.187948
825	0.34623	0.282911	0.370859
826	0.32192	0.243501	0.43458
827	0.374	0.33052	0.29548
828	0.501748	0.287388	0.210864
829	0.441778	0.289722	0.2685
830	0.304389	0.309829	0.385781
831	0.524966	0.270567	0.204468
832	0.348146	0.461608	0.190246
833	0.30404	0.251898	0.444062
834	0.0467653	0.365513	0.587722
835	0.314222	0.168297	0.517481
836	0.50327	0.244396	0.252334
837	0.390696	0.362722	0.246582
838	0.190159	0.225121	0.584719
839	0.281193	0.490409	0.228398
840	0.8472	0.0971963	0.0556033
841	0.332187	0.342213	0.3256
842	0.451987	0.346378	0.201636
843	0.323984	0.437948	0.238069
844	0.494798	0.243318	0.261884
845	0.282752	0.291405	0.425843
846	0.398351	0.529147	0.072502
847	0.232957	0.50002	0.267023
848	0.314279	0.389353	0.296368
849	0.999426	0.000418955	0.000154934
850	0.312468	0.324241	0.363291
851	0.28657	0.305512	0.407918
852	0.566309	0.0381438	0.395547
853	0.705772	0.156128	0.1381
854	0.36416	0.413133	0.222706
855	0.378111	0.346899	0.27499
856	0.440577	0.214956	0.344467
857	0.459359	0.336889	0.203752
858	0.443849	0.302856	0.253294
859	0.410704	0.353888	0.235408
860	0.335446	0.366556	0.297998
861	0.280414	0.325524	0.394062
862	0.238184	0.443519	0.318297
863	0.35023	0.348952	0.300819
864	0.414152	0.455825	0.130023
865	0.572043	0.276885	0.151072
866	0.560922	0.264461	0.174617
867	0.302933	0.434709	0.262358
868	0.231165	0.497328	0.271507
869	0.454077	0.492247	0.053676
870	0.0795944	0.709006	0.211399
871	0.396974	0.279742	0.323283
872	0.280761	0.334117	0.385122
873	0.344868	0.308826	0.346306
874	0.308498	0.342805	0.348697
875	0.34855	0.211408	0.440042
876	0.247904	0.339833	0.412263
877	0.319564	0.48451	0.195927
878	0.428805	0.361202	0.209993
879	0.261346	0.324725	0.413929
880	0.441064	0.38501	0.173925
881	0.229727	0.421205	0.349068
882	0.263348	0.324424	0.412228
883	0.446925	0.306539	0.246536
884	0.357101	0.355679	0.28722
885	0.254326	0.51207	0.233604
886	0.641311	0.206754	0.151935
887	0.366166	0.589843	0.0439912
888	0.205178	0.503255	0.291567
889	0.311797	0.339648	0.348555
890	0.326179	0.40228	0.271541
891	0.346654	0.336821	0.316525
892	0.531076	0.24641	0.222514
893	0.239398	0.334209	0.426393
894	0.299748	0.32834	0.371912
895	0.268997	0.280572	0.45043
896	0.128233	0.513798	0.357969
897	0.303428	0.344465	0.352107
898	0.303979	0.291869	0.404153
899	0.536406	0.388918	0.074676
900	0.269206	0.420402	0.310391
901	0.356528	0.30176	0.341711
902	0.257706	0.321306	0.420989
903	0.471641	0.176532	0.351827
904	0.159062	0.400662	0.440276
905	0.214587	0.470147	0.315266
906	0.393169	0.219234	0.387597
907	0.58189	0.373638	0.0444711
908	0.239595	0.126893	0.633512
909	0.410504	0.288882	0.300614
910	0.893394	0.0309588	0.075647
911	0.0244106	0.558651	0.416939
912	0.35444	0.341429	0.304131
913	0.419617	0.410675	0.169708
914	0.342635	0.404758	0.252606
915	0.304303	0.251594	0.444104
916	0.323092	0.341168	0.33574
917	0.278398	0.257388	0.464214
918	0.323495	0.272196	0.404309
919	0.43802	0.318513	0.243467
920	0.378949	0.261072	0.359979
921	0.92194	0.0588341	0.019226
922	0.324946	0.273325	0.401728
923	0.30597	0.268752	0.425277
924	0.418308	0.291455	0.290237
925	0.213326	0.338033	0.448641
926	0.211972	0.465413	0.322615
927	0.177624	0.136797	0.685579
928	0.401124	0.267904	0.330972
929	0.48382	0.30159	0.214589
930	0.342888	0.357062	0.300051
931	0.360676	0.312707	0.326617
932	0.108046	0.474072	0.417882
933	0.21227	0.27782	0.50991
934	0.269749	0.440289	0.289962
935	0.393245	0.333929	0.272827
936	0.147857	0.410494	0.441648
937	0.393485	0.46513	0.141385
938	0.140678	0.567051	0.292271
939	0.222838	0.425961	0.3512
940	0.235765	0.419615	0.344621
941	0.297475	0.386138	0.316387
942	0.453465	0.28321	0.263325
943	0.256354	0.288939	0.454706
944	0.361486	0.311639	0.326875
945	0.388378	0.361399	0.250222
946	0.118794	0.623413	0.257792
947	0.537326	0.326138	0.136536
948	0.219091	0.214242	0.566667
949	0.249301	0.604201	0.146498
950	0.479976	0.327775	0.192249
951	0.237559	0.378962	0.383479
952	0.237461	0.281864	0.480676
953	0.107261	0.726362	0.166377
954	0.240028	0.586449	0.173523
955	0.371374	0.359282	0.269344
956	0.278527	0.444533	0.27694
957	0.467152	0.231729	0.301119
958	0.282475	0.385878	0.331647
959	0.33786	0.217127	0.445013
960	0.454351	0.275752	0.269897
961	0.326633	0.363894	0.309474
962	0.0220932	0.305448	0.672459
963	0.236394	0.391877	0.371729
964	0.179172	0.419544	0.401284
965	0.0897342	0.464171	0.446095
966	0.126312	0.430618	0.44307
967	0.281885	0.331817	0.386298
968	0.145425	0.419641	0.434935
969	0.259611	0.377939	0.36245
970	0.272664	0.392102	0.335234
971	0.224428	0.414162	0.36141
972	0.17356	0.409259	0.417181
973	0.243152	0.278232	0.478615
974	0.219096	0.415	0.365904
975	0.291293	0.401407	0.3073
976	0.283439	0.371611	0.34495
977	0.261938	0.499085	0.238978
978	0.275326	0.363046	0.361629
979	0.275861	0.526057	0.198082
980	0.31951	0.297369	0.383122
981	0.367518	0.0251387	0.607343
982	0.270673	0.362782	0.366545
983	0.130171	0.361303	0.508526
984	0.330214	0.314208	0.355577
985	0.303419	0.357413	0.339168
986	0.278676	0.331554	0.38977
987	0.228825	0.358507	0.412668
988	0.203862	0.455018	0.34112
989	0.196699	0.625563	0.177739
990	0.223921	0.494068	0.28201
991	0.349501	0.37653	0.273969
992	0.281745	0.372165	0.34609
993	0.59317	0.136083	0.270747
994	0.231111	0.365752	0.403137
995	0.255769	0.42903	0.315202
996	0.328938	0.302954	0.368108
997	0.636301	0.157863	0.205836
998	0.347853	0.349231	0.302917
999	0.414989	0.388374	0.196636
1000	0.867923	0.0880436	0.044033
1001	0.336476	0.338469	0.325056
1002	0.309919	0.455599	0.234482
1003	0.376916	0.426936	0.196147
1004	0.350865	0.347976	0.301159
1005	0.260621	0.448045	0.291335
1006	0.256524	0.437572	0.305903
1007	0.246498	0.378701	0.374801
1008	0.291787	0.320873	0.38734
1009	0.326913	0.481804	0.191283
1010	0.351881	0.35929	0.288829
1011	0.269329	0.418919	0.311752
1012	0.294669	0.321538	0.383793
1013	0.486586	0.278765	0.23465
1014	0.350159	0.329449	0.320392
1015	0.218578	0.613706	0.167716
1016	0.355335	0.335158	0.309507
1017	0.380255	0.526098	0.0936477
1018	0.346891	0.301173	0.351937
1019	0.332872	0.242714	0.424414
1020	0.346123	0.324112	0.329765
1021	0.163497	0.537519	0.298984
1022	0.265705	0.365171	0.369123
1023	0.292623	0.37032	0.337058
1024	0.188442	0.469585	0.341973
1025	0.26946	0.396949	0.33359
1026	0.277042	0.371167	0.351791
1027	0.417833	0.0638142	0.518353
1028	0.374329	0.2888	0.336872
1029	0.350781	0.36996	0.279258
1030	0.121885	0.207884	0.670231
1031	0.344442	0.301225	0.354333
1032	0.110608	0.197336	0.692056
1033	0.210989	0.43608	0.352931
1034	0.154849	0.453043	0.392108
1035	0.294159	0.327436	0.378405
1036	0.421676	0.255541	0.322783
1037	0.398439	0.376262	0.225299
1038	0.226674	0.501564	0.271762
1039	0.124553	0.343157	0.53229
1040	0.137521	0.208977	0.653502
1041	0.232873	0.334153	0.432975
1042	0.287036	0.47239	0.240574
1043	0.260435	0.327528	0.412037
1044	0.248435	0.37003	0.381536
1045	0.154285	0.547999	0.297716
1046	0.0394771	0.108795	0.851728
1047	0.355544	0.313917	0.330539
1048	0.267128	0.391749	0.341123
1049	0.315012	0.341909	0.343079
1050	0.185611	0.527406	0.286984
1051	0.266878	0.440224	0.292899
1052	0.255982	0.340656	0.403363
1053	0.295208	0.372583	0.332209
1054	0.284353	0.38468	0.330967
1055	0.425942	0.304508	0.26955
1056	0.352083	0.349823	0.298094
1057	0.37163	0.459113	0.169257
1058	0.196991	0.600353	0.202656
1059	0.63587	0.129845	0.234285
1060	0.25735	0.4457	0.29695
1061	0.375143	0.34132	0.283537
1062	0.363007	0.406402	0.230591
1063	0.260409	0.45159	0.288001
1064	0.374966	0.450285	0.174748
1065	0.331084	0.364434	0.304483
1066	0.295283	0.312194	0.392523
1067	0.32185	0.374724	0.303426
1068	0.339233	0.401558	0.259208
1069	0.284558	0.335345	0.380098
1070	0.352965	0.312489	0.334546
1071	0.268278	0.408736	0.322986
1072	0.496242	0.248737	0.255022
1073	0.275524	0.397836	0.32664
1074	0.299332	0.380471	0.320197
1075	0.308623	0.40499	0.286387
1076	0.43304	0.428205	0.138755
1077	0.377501	0.33331	0.289189
1078	0.35933	0.391569	0.249101
1079	0.425861	0.256954	0.317185
1080	0.305033	0.342938	0.352029
1081	0.120665	0.689897	0.189438
1082	0.29659	0.378371	0.325039
1083	0.112234	0.446486	0.44128
1084	0.0106665	0.131007	0.858326
1085	0.372445	0.409214	0.218341
1086	0.621044	0.182778	0.196178
1087	0.473551	0.263727	0.262722
1088	0.486681	0.240164	0.273155
1089	0.146271	0.751577	0.102152
1090	0.281495	0.412093	0.306412
1091	0.36009	0.0278513	0.612058
1092	0.598756	0.272631	0.128613
1093	0.321051	0.303608	0.375341
1094	0.392766	0.394283	0.212951
1095	0.250407	0.476087	0.273506
1096	0.349536	0.354978	0.295486
1097	0.28771	0.27562	0.43667
1098	0.22442	0.507715	0.267864
1099	0.839791	0.0823868	0.0778224
1100	0.597227	0.34148	0.0612924
1101	0.356729	0.426592	0.216679
1102	0.156392	0.361494	0.482114
1103	0.311942	0.22382	0.464238
1104	0.274322	0.40571	0.319968
1105	0.488472	0.331796	0.179732
1106	0.28623	0.614609	0.0991617
1107	0.381528	0.388978	0.229494
1108	0.273216	0.3991	0.327685
1109	0.204318	0.609808	0.185874
1110	0.497755	0.303874	0.198371
1111	0.325737	0.402238	0.272025
1112	0.440038	0.272132	0.28783
1113	0.466135	0.230622	0.303243
1114	0.0990529	0.546886	0.354062
1115	0.770829	0.0960172	0.133154
1116	0.379998	0.351677	0.268325
1117	0.275827	0.722908	0.00126476
1118	0.364488	0.347685	0.287827
1119	0.295108	0.441509	0.263383
1120	0.280888	0.413275	0.305837
1121	0.0652558	0.582729	0.352015
1122	0.559267	0.295574	0.145159
1123	0.416802	0.36366	0.219538
1124	0.381885	0.342794	0.275321
1125	0.389055	0.4613	0.149645
1126	0.935252	0.0435342	0.0212135
1127	0.342061	0.447319	0.21062
1128	0.375715	0.326134	0.298152
1129	0.280136	0.438667	0.281197
1130	0.982498	0.00354137	0.0139607
1131	0.343871	0.272765	0.383364
1132	0.0283713	0.0375654	0.934063
1133	0.499043	0.33339	0.167567
1134	0.410731	0.185603	0.403666
1135	0.389386	0.297881	0.312733
1136	0.37962	0.252855	0.367524
1137	0.0010681	0.00771229	0.99122
1138	0.368066	0.454942	0.176992
1139	0.329636	0.420407	0.249957
1140	0.206455	0.484112	0.309433
1141	0.625776	0.0713859	0.302838
1142	0.402572	0.186278	0.41115
1143	0.343643	0.499479	0.156878
1144	0.482072	0.517928	0
1145	0.197522	0.237845	0.564633
1146	0.143987	0.574815	0.281199
1147	0.295911	0.659954	0.0441356
1148	0.197533	0.62959	0.172877
1149	0.212744	0.673408	0.113848
1150	0.044445	0.715339	0.240216
1151	0.443468	0.270751	0.285781
1152	0.60898	0.00737143	0.383648
1153	0.968525	0.0111069	0.0203683
1154	0.944496	0.0444399	0.0110641
1155	0.212192	0.542321	0.245487
1156	0.173706	0.446964	0.37933
1157	0.370523	0.341361	0.288116
1158	0.455099	0.310335	0.234566
1159	0.367561	0.358175	0.274265
1160	0.508708	0.485536	0.00575621
1161	0.207368	0.262331	0.530302
1162	0.16008	0.547844	0.292076
1163	0.185885	0.418129	0.395986
1164	0.961012	0.0186689	0.0203196
1165	0.0614586	0.68746	0.251082
1166	0.709062	0.192206	0.0987323
1167	0.0291046	0.0296405	0.941255
1168	0.263802	0.0917615	0.644436
1169	0.0491567	0.224974	0.72587
1170	0.580952	0.405591	0.013457
1171	0.221303	0.00809395	0.770603
1172	0.00745693	0.99223	0.000312838
1173	0.671492	0.150449	0.178059
1174	0.314985	0.207822	0.477193
1175	0.999033	0.000967072	0
1176	0.354494	0.349622	0.295884
1177	0.101473	0.482708	0.415819
1178	0.934329	0.0571998	0.00847127
1179	0.652653	0.148279	0.199068
1180	0.53298	0.382654	0.084367
1181	0.0863341	0.87335	0.0403155
1182	0.0857979	0.451169	0.463033
1183	0	0.348702	0.651298
1184	0.968126	0.00260922	0.0292649
1185	0.0641843	0	0.935816
1186	0.278298	0.547269	0.174433
1187	0.0982022	0.771489	0.130309
1188	0.178583	0.310408	0.511009
1189	0.0422977	0.933557	0.0241454
1190	0.537987	0.0685013	0.393512
1191	0.411086	0.0996898	0.489225
1192	0.107302	0.688707	0.203991
1193	0.032095	0.962355	0.00555007
1194	0.0905447	0.0313213	0.878134
1195	0.868357	0.00231781	0.129325
1196	0.270869	0.00238446	0.726746
1197	0.45575	0.333978	0.210272
1198	0.822992	0.0157866	0.161222
1199	0.990627	0.00507788	0.00429548
1200	0.0026386	0.490641	0.506721
1201	0.235197	0.371725	0.393078
1202	0.252234	0.493973	0.253793
1203	0.114062	0.453138	0.4328
1204	0.294277	0.320595	0.385128
1205	0.35525	0.429631	0.215118
1206	0.351399	0.340975	0.307626
1207	0.301098	0.313742	0.385159
1208	0.15984	0.390655	0.449506
1209	0.125782	0.392251	0.481967
1210	0.223515	0.366875	0.409609
1211	0.00564664	0.966803	0.02755
1212	0.952591	0.0163644	0.0310444
1213	0.280712	0.60086	0.118428
1214	0.506824	0.44326	0.0499158
1215	0.304259	0.440271	0.25547
1216	0.205955	0.50753	0.286515
1217	0.350693	0.3695	0.279807
1218	0.297694	0.424351	0.277956
1219	0.319613	0.42575	0.254636
1220	0.0126134	0.922856	0.0645305
1221	0.299668	0.346605	0.353727
1222	0.17538	0.33003	0.494589
1223	0.287431	0.612945	0.0996235
1224	0.791874	0.0741264	0.134
1225	0.206168	0.0545871	0.739245
1226	0.246086	0.410212	0.343702
1227	0.199881	0.692143	0.107976
1228	0.57801	0.337544	0.0844464
1229	0.494265	0.38615	0.119584
1230	0.673976	0.315027	0.0109962
1231	0.369844	0.302448	0.327708
1232	0.384057	0.175872	0.440071
1233	0.362923	0.325646	0.311431
1234	0.316929	0.613406	0.0696644
1235	0.391805	0.282934	0.325262
1236	0.865701	0.0638757	0.070423
1237	0.377598	0.619901	0.00250072
1238	0.28251	0.462732	0.254758
1239	0.342054	0.440715	0.21723
1240	0.397505	0.308316	0.294179
1241	0.409803	0.360766	0.229432
1242	0.492504	0.355118	0.152378
1243	0.365012	0.31164	0.323349
1244	0.502696	0.30422	0.193084
1245	0.597899	0.309185	0.0929166
1246	0.424323	0.351583	0.224094
