Balance	0.33	0.33	0.33
H_dominance	1	0	0
St1_dominance	0	1	0
St2_dominance	0	0	1
H_suppressed	0	0.5	0.5
St1_suppressed	0.5	0	0.5
St2_suppressed	0.5	0.5	0
1	0.285378	0.422141	0.292481
2	0.383539	0.459397	0.157064
3	0.357171	0.449132	0.193697
4	0.21846	0.371611	0.40993
5	0.281379	0.32888	0.389742
6	0.418319	0.324946	0.256735
7	0.0951916	0.656831	0.247978
8	0.202661	0.607664	0.189674
9	0.0679397	0.866483	0.0655768
10	0.308546	0.331224	0.36023
11	0.056884	0.617547	0.325569
12	0	0.55896	0.44104
13	0.317557	0.228035	0.454408
14	0.314964	0.368773	0.316264
15	0.0797853	0.185993	0.734221
16	0.294375	0.330739	0.374885
17	0.176264	0.590093	0.233643
18	0.411647	0.374428	0.213925
19	0.358324	0.480205	0.161471
20	0.350579	0.308509	0.340912
21	0.390761	0.241106	0.368133
22	0.168294	0.472238	0.359468
23	0.487398	0.372524	0.140078
24	0.826454	0.173546	0
25	0.428606	0.337535	0.23386
26	0.360859	0.636514	0.00262679
27	0.291094	0.433847	0.275059
28	0.187445	0.591457	0.221098
29	0.374261	0.371834	0.253904
30	0.225704	0.473241	0.301055
31	0.260694	0.322224	0.417082
32	0.194849	0.439665	0.365486
33	0.292763	0.424786	0.282451
34	0.0119175	0.573594	0.414489
35	0.0259017	0.974098	0
36	0.351343	0.37844	0.270216
37	0.224747	0.695054	0.0801987
38	0.000937354	0.731478	0.267585
39	0.738023	0.112334	0.149643
40	0.248864	0.368854	0.382282
41	0.337652	0.414128	0.24822
42	0.750931	0.15176	0.0973094
43	0.265815	0.362612	0.371573
44	0.14001	0.786766	0.0732243
45	0.998408	0.00159217	0
46	0.244065	0.666675	0.0892594
47	0.458244	0.274353	0.267403
48	0.340269	0.292417	0.367315
49	0.0298179	0.43013	0.540052
50	0.902128	0.0491449	0.0487272
51	0.318891	0.323157	0.357953
52	0.407528	0.204011	0.388461
53	0	0.997005	0.00299495
54	0.295819	0.429749	0.274431
55	0.324864	0.295326	0.37981
56	0.358236	0.213333	0.42843
57	0.288221	0.378081	0.333698
58	0.624973	0.193532	0.181496
59	0.534576	0.455545	0.0098789
60	0.1169	0.186966	0.696134
61	0.204589	0.354022	0.441389
62	0.5078	0.202012	0.290189
63	0.0825327	0	0.917467
64	0.375536	0.367043	0.257421
65	0.327371	0.381863	0.290766
66	0.0615614	0.0697878	0.868651
67	0.481042	0.391755	0.127203
68	0.881845	0.114706	0.00344901
69	0.269667	0.572942	0.157391
70	0.980493	0	0.0195066
71	0.429386	0.260515	0.310099
72	0.596652	0.345435	0.057913
73	0.528778	0.238605	0.232617
74	0.144752	0.174784	0.680464
75	0.447347	0.404436	0.148217
76	0.242987	0.401131	0.355882
77	0.280728	0.348286	0.370986
78	0.252067	0.440488	0.307445
79	0.231121	0.620306	0.148573
80	0.249092	0.470234	0.280674
81	0.318455	0.465909	0.215636
82	0.35422	0.44498	0.200799
83	0.174261	0.803786	0.0219531
84	0.3252	0.347316	0.327484
85	0.00457597	0.549812	0.445612
86	0.995627	0.00437333	0
87	0.328687	0.369013	0.302299
88	0.555845	0.370323	0.0738321
89	0.515193	0.28717	0.197637
90	0.0059866	0.785863	0.20815
91	0.413285	0.495067	0.0916479
92	0.836825	0.125388	0.0377875
93	0.282119	0.385128	0.332754
94	0.28217	0.416011	0.301819
95	0.325404	0.392163	0.282432
96	0.293544	0.518513	0.187943
97	0.459511	0.365931	0.174558
98	0.217994	0.535192	0.246814
99	0.32256	0.420319	0.25712
100	0.075629	0.621885	0.302486
101	0.457481	0.328618	0.213901
102	0.418444	0.572044	0.00951228
103	0.332791	0.492928	0.174281
104	0.357311	0.551516	0.091173
105	0.233846	0.399074	0.36708
106	0.316895	0.451704	0.231402
107	0.437363	0.351058	0.211579
108	0.405193	0.308215	0.286592
109	0.456557	0.309194	0.234249
110	0.105143	0.6364	0.258457
111	0.14856	0.461663	0.389777
112	0.306619	0.353457	0.339925
113	0.433246	0.286262	0.280492
114	0.110549	0.622312	0.26714
115	0.0299602	0.166409	0.803631
116	0.069852	0.91867	0.0114777
117	0.347324	0.46618	0.186497
118	0.14238	0.614935	0.242686
119	0.256606	0.43022	0.313174
120	0.287384	0.444234	0.268382
121	0.878052	0.109461	0.012487
122	0.412315	0.383888	0.203797
123	0.508578	0.266582	0.22484
124	0.172204	0.444902	0.382894
125	0.362588	0.331199	0.306213
126	0.370516	0.370914	0.25857
127	0.215787	0.505251	0.278962
128	0.0419854	0.822381	0.135633
129	0.0038421	0.804223	0.191935
130	0.0121842	0.987816	0
131	0.479306	0.412191	0.108503
132	0.39838	0.415504	0.186116
133	0.602199	0.369204	0.0285963
134	0.476881	0.238688	0.284431
135	0.557332	0.283409	0.159259
136	0.269605	0.44664	0.283755
137	0.530166	0.469834	0
138	0.48529	0.322198	0.192512
139	0.24949	0.479638	0.270872
140	0.286913	0.381866	0.331222
141	0.172542	0.59387	0.233588
142	0.378242	0.347973	0.273785
143	0.600425	0.240007	0.159569
144	0.408444	0.241471	0.350085
145	0.231526	0.360392	0.408081
146	0.322466	0.529577	0.147956
147	0.234171	0.529002	0.236827
148	0.0244317	0.802835	0.172733
149	0.390735	0.331429	0.277836
150	0.428011	0.362295	0.209693
151	0.258227	0.386	0.355773
152	0.597769	0.274619	0.127612
153	0.753331	0.153239	0.0934299
154	0.177542	0.67745	0.145008
155	0.480526	0.188487	0.330988
156	0.46249	0.324184	0.213326
157	0.354404	0.627572	0.0180245
158	0.109959	0.662197	0.227843
159	0.483615	0.296376	0.220009
160	0.325462	0.337891	0.336647
161	0.503298	0.305656	0.191046
162	0.334496	0.311759	0.353745
163	0.590695	0.409305	0
164	0.440229	0.347234	0.212537
165	0.00278582	0.975383	0.0218309
166	0.173674	0.283159	0.543168
167	0.135155	0.381944	0.482901
168	0.560912	0.240601	0.198487
169	0.387497	0.384979	0.227523
170	0.13241	0.759699	0.107891
171	0.305623	0.478741	0.215636
172	0.441696	0.413813	0.144491
173	0.093661	0.740363	0.165976
174	0.967577	0	0.0324232
175	0.431987	0.376717	0.191296
176	0.581176	0.205999	0.212824
177	0.309457	0.640202	0.0503411
178	0.303428	0.395115	0.301457
179	0.512923	0.290726	0.196351
180	0.460849	0.354525	0.184626
181	0	0.561408	0.438592
182	0.423682	0.334286	0.242032
183	0.57202	0.383668	0.0443118
184	0.402007	0.254367	0.343626
185	0.132035	0.793433	0.0745315
186	0.714452	0.18	0.105548
187	0.178201	0.0492165	0.772582
188	0.0161467	0.961945	0.0219078
189	0.275414	0.429881	0.294705
190	0.360983	0.513651	0.125366
191	0.500207	0.26215	0.237643
192	0.453656	0.193061	0.353282
193	0.252003	0.554933	0.193065
194	0.43556	0.314503	0.249937
195	0.103911	0.863525	0.0325645
196	0.364558	0.407879	0.227563
197	0.310043	0.3621	0.327857
198	0.41164	0.427019	0.161341
199	0.440899	0.23985	0.319251
200	0.0763259	0.881302	0.0423721
201	0.423095	0.362858	0.214047
202	0.295389	0.419447	0.285164
203	0.391186	0.375859	0.232955
204	0.318747	0.348293	0.332961
205	0.0294123	0.331461	0.639127
206	0.0606434	0.320259	0.619098
207	0.150418	0.541567	0.308015
208	0.132215	0.598111	0.269674
209	0.169344	0.47027	0.360386
210	0.672568	0.193367	0.134065
211	0.124595	0.321493	0.553912
212	0.44325	0.261312	0.295438
213	0.547573	0.268703	0.183724
214	0.453842	0.296089	0.250069
215	0.309312	0.453389	0.237299
216	0.262284	0.496938	0.240778
217	0.368466	0.461991	0.169544
218	0.520685	0.344036	0.135279
219	0.0130302	0.029415	0.957555
220	0.388609	0.326571	0.28482
221	0.407273	0.379879	0.212848
222	0.504036	0.265425	0.230538
223	0.361504	0.350054	0.288442
224	0.998896	0.00038003	0.000723751
225	0.361847	0.467297	0.170856
226	0.523763	0.253529	0.222708
227	0.357136	0.424361	0.218503
228	0.383326	0.333562	0.283112
229	0.459071	0.426377	0.114552
230	0.475528	0.102473	0.421998
231	0.56834	0.147367	0.284293
232	0.327937	0.290655	0.381408
233	0.401797	0.275274	0.322929
234	0.560455	0.0810582	0.358487
235	0.695551	0.0971424	0.207306
236	0.225933	0.367768	0.406299
237	0.323612	0.318016	0.358372
238	0.259772	0.285623	0.454605
239	0.000185965	0.5489	0.450914
240	0.97276	0.00121395	0.0260257
241	0.409793	0.400351	0.189857
242	0.107062	0.611095	0.281843
243	0.406672	0.525119	0.0682095
244	0.913813	0.0172526	0.0689344
245	0.661624	0.312896	0.0254797
246	0.2349	0.181958	0.583142
247	0.113994	0.733031	0.152975
248	0.324916	0.324243	0.350841
249	0.268609	0.534843	0.196547
250	0.353328	0.455153	0.191519
251	0.0209643	0.504256	0.47478
252	0.172616	0.749802	0.0775815
253	0.052273	0.925337	0.02239
254	0.31693	0.371018	0.312052
255	0.452123	0.268888	0.278988
256	0.182105	0.53506	0.282835
257	0.147175	0.55676	0.296065
258	0.408356	0.269145	0.322499
259	0.527939	0.212192	0.259869
260	0.390798	0.325271	0.283932
261	0.336125	0.432577	0.231298
262	0.544813	0.205065	0.250121
263	0.958816	0.039651	0.00153255
264	0.00697883	0.681329	0.311692
265	0.566415	0.353121	0.0804646
266	0.901747	0.0658514	0.0324018
267	0.230063	0.276942	0.492995
268	0.34954	0.401397	0.249063
269	0.512415	0.313618	0.173967
270	0.357872	0.367264	0.274864
271	0.249667	0.471525	0.278808
272	0.0114126	0.222415	0.766173
273	0.977836	0.00860509	0.0135585
274	0.377715	0.491671	0.130614
275	0.404296	0.367434	0.22827
276	0.466159	0.325735	0.208106
277	0.290079	0.409505	0.300416
278	0.277221	0.430316	0.292463
279	0.558754	0.0953695	0.345877
280	0.437976	0.357914	0.20411
281	0.290918	0.466899	0.242183
282	0.27902	0.360835	0.360145
283	0.578899	0.22763	0.193471
284	0.348163	0.39084	0.260997
285	0.23328	0.502064	0.264656
286	0.359504	0.393062	0.247434
287	0.206525	0.495845	0.29763
288	0.281534	0.410503	0.307963
289	0.308859	0.553805	0.137336
290	0.400215	0.33229	0.267494
291	0.378808	0.393478	0.227714
292	0.365711	0.424545	0.209744
293	0.332324	0.54016	0.127516
294	0.453389	0.450141	0.0964702
295	0.242774	0.531246	0.225979
296	0.181422	0.574471	0.244107
297	0.39411	0.370543	0.235347
298	0.461157	0.285776	0.253066
299	0.325057	0.416497	0.258446
300	0.884332	0.103158	0.0125099
301	0.311461	0.459101	0.229438
302	0.355316	0.342517	0.302167
303	0.410729	0.581192	0.00807885
304	0.43716	0.106413	0.456427
305	0.419069	0.413112	0.167819
306	0.521651	0.276177	0.202171
307	0.313207	0.243368	0.443425
308	0.481435	0.286181	0.232385
309	0.405459	0.396055	0.198487
310	0.359345	0.328951	0.311704
311	0.417128	0.406474	0.176397
312	0.329779	0.439713	0.230508
313	0.182166	0.209195	0.608638
314	0.361151	0.283296	0.355554
315	0.97256	0.00219979	0.0252399
316	0.552881	0.294619	0.152499
317	0.169841	0.594144	0.236015
318	0.365263	0.421163	0.213573
319	0.473075	0.314233	0.212692
320	0.238569	0.516819	0.244612
321	0.0439256	0.802254	0.15382
322	0.404151	0.245281	0.350568
323	0.268164	0.424437	0.307399
324	0.570543	0.305522	0.123935
325	0.58217	0.278928	0.138901
326	0.380897	0.412043	0.20706
327	0.444356	0.381888	0.173756
328	0.383039	0.363115	0.253845
329	0.366335	0.285337	0.348327
330	0.404127	0.181012	0.414861
331	0.295147	0.420234	0.284618
332	0.36439	0.287497	0.348113
333	0.42626	0.325035	0.248705
334	0.182234	0.660831	0.156935
335	0.754935	0.161968	0.0830969
336	0.0767001	0.563776	0.359523
337	0.577868	0.370272	0.0518592
338	0.437595	0.215764	0.34664
339	0.157434	0.728028	0.114538
340	0.298019	0.429318	0.272663
341	0.129833	0.83227	0.0378975
342	0.382357	0.359362	0.258281
343	0.266876	0.597603	0.135521
344	0.550407	0.123509	0.326084
345	0.536604	0.399429	0.0639664
346	0.365759	0.412968	0.221273
347	0.529351	0.26653	0.204119
348	0.416506	0.3212	0.262293
349	0.410603	0.162109	0.427288
350	0.503795	0.309043	0.187162
351	0.495929	0.167696	0.336375
352	0.303161	0.224768	0.472071
353	0.440139	0.253097	0.306764
354	0.361733	0.3128	0.325467
355	0.467327	0.256197	0.276476
356	0.479444	0.273633	0.246922
357	0.38755	0.271219	0.341231
358	0.630185	0.139848	0.229967
359	0.480734	0.25153	0.267736
360	0.368098	0.38121	0.250692
361	0.63022	0.121236	0.248544
362	0.504187	0.266283	0.229529
363	0.349493	0.296063	0.354444
364	0.484447	0.2748	0.240752
365	0.512743	0.269117	0.21814
366	0.0326533	0.430685	0.536661
367	0.336312	0.19353	0.470158
368	0.305534	0.390957	0.303509
369	0.196985	0.0120071	0.791008
370	0.0555528	0.494682	0.449765
371	0.973884	0.00840917	0.0177064
372	0.287873	0.240788	0.471338
373	0.324572	0.184991	0.490437
374	0.297593	0.330725	0.371682
375	0.250216	0.378496	0.371288
376	0.550008	0.248264	0.201728
377	0.405018	0.221462	0.37352
378	0.57952	0.367361	0.0531197
379	0.181538	0.0381079	0.780354
380	0.364875	0.187272	0.447853
381	0.278733	0.0867918	0.634475
382	0.138851	0.245423	0.615727
383	0.303146	0.296027	0.400828
384	0.345151	0.287079	0.36777
385	0.344047	0.26146	0.394493
386	0.184805	0.142508	0.672687
387	0.380998	0.312308	0.306694
388	0.0095725	0.486742	0.503686
389	0.228759	0.4044	0.366842
390	0.331851	0.358491	0.309658
391	0.488612	0.15375	0.357638
392	0.0572385	0.77501	0.167751
393	0.516465	0.185933	0.297602
394	0.383583	0.238194	0.378223
395	0.244468	0.260796	0.494736
396	0.219559	0.298605	0.481836
397	0.350579	0.294139	0.355282
398	0.446259	0.237862	0.315879
399	0.281324	0.211616	0.50706
400	0.407165	0.14582	0.447015
401	0.668349	0.142787	0.188864
402	0.299268	0.382953	0.317778
403	0.33477	0.290433	0.374797
404	0.244529	0.289298	0.466173
405	0.298088	0.409186	0.292725
406	0.353892	0.303198	0.342911
407	0.195026	0.690008	0.114966
408	0.361705	0.35536	0.282935
409	0.996765	0	0.00323504
410	0.258735	0.26458	0.476685
411	0.446174	0.287866	0.26596
412	0.250516	0.407565	0.341919
413	0.418751	0.307529	0.27372
414	0.204776	0.421363	0.373861
415	0.196156	0.323883	0.479961
416	0.36766	0.262499	0.369841
417	0.382973	0.281263	0.335764
418	0.574624	0.282136	0.14324
419	0.345594	0.282209	0.372198
420	0.2411	0.245656	0.513244
421	0.371886	0.279548	0.348565
422	0.280886	0.3449	0.374214
423	0.359644	0.351868	0.288488
424	0.305293	0.394173	0.300534
425	0.203626	0.485163	0.311211
426	0.34595	0.347499	0.306551
427	0.432691	0.332201	0.235108
428	0.428603	0.377582	0.193816
429	0.176848	0.429523	0.393629
430	0.0338965	0.00562463	0.960479
431	0.276914	0.393321	0.329766
432	0.311543	0.377839	0.310618
433	0.0488244	0.658675	0.2925
434	0.373336	0.346338	0.280326
435	0.462922	0.537078	0
436	0.382483	0.358816	0.258701
437	0.29646	0.37391	0.32963
438	0.355315	0.409943	0.234742
439	0.131327	0.224953	0.64372
440	0.273757	0.311869	0.414374
441	0.296652	0.362888	0.34046
442	0.187781	0.418092	0.394127
443	0.284367	0.37505	0.340584
444	0.288003	0.316547	0.395451
445	0.970045	0	0.0299548
446	0.283444	0.229517	0.487039
447	0.256496	0.287834	0.455669
448	0	0.372266	0.627734
449	0.358092	0.2719	0.370009
450	0.992361	0	0.00763861
451	0.343726	0.331811	0.324463
452	0.764289	0.228234	0.00747654
453	0.501373	0.188488	0.31014
454	0.196253	0.47988	0.323867
455	0.368534	0.306568	0.324898
456	0.287064	0.341255	0.371681
457	0.35885	0.232969	0.40818
458	0.227201	0.540866	0.231933
459	0.182845	0.427337	0.389818
460	0.479509	0.520491	0
461	0.0381172	0.45161	0.510273
462	0.224227	0.295563	0.48021
463	0.333026	0.376491	0.290483
464	0.304361	0.539886	0.155753
465	0.25964	0.347317	0.393043
466	0.991621	0.00334928	0.00502976
467	0.329331	0.356989	0.31368
468	0.410851	0.271045	0.318105
469	0.312833	0.368144	0.319023
470	0.341349	0.405991	0.25266
471	0.538382	0.461618	0
472	0.445635	0.372397	0.181968
473	0.487512	0.292912	0.219576
474	0.315589	0.405037	0.279374
475	0.351282	0.382426	0.266291
476	0.35375	0.514356	0.131893
477	0.360892	0.388583	0.250525
478	0.283152	0.521968	0.194881
479	0.993341	0	0.00665867
480	0.00671817	0.868947	0.124335
481	0.317645	0.382519	0.299836
482	0.334948	0.390539	0.274514
483	0.420318	0.464838	0.114844
484	0.391253	0.32771	0.281037
485	0.402863	0.404503	0.192633
486	0.47515	0.297037	0.227813
487	0.112264	0.713416	0.17432
488	0.470867	0.291144	0.237989
489	0.340939	0.371139	0.287921
490	0.507359	0.208099	0.284543
491	0.338512	0.4521	0.209388
492	0.445237	0.379126	0.175636
493	0.562127	0.225207	0.212666
494	0.357529	0.488123	0.154348
495	0.606795	0.220975	0.17223
496	0.192909	0.382471	0.42462
497	0.327374	0.346085	0.32654
498	0.242893	0.392394	0.364713
499	0.551134	0.268518	0.180348
500	0.507875	0.193709	0.298416
501	0.377575	0.352417	0.270008
502	0.350073	0.361847	0.28808
503	0.226632	0.398721	0.374647
504	0.31368	0.439682	0.246638
505	0.365997	0.328028	0.305975
506	0.317196	0.166572	0.516232
507	0.267896	0.295378	0.436726
508	0.337954	0.334736	0.32731
509	0.30565	0.236317	0.458032
510	0.460789	0.299846	0.239365
511	0.362575	0.271654	0.36577
512	0.398043	0.426448	0.175508
513	0.279315	0.398929	0.321756
514	0.0716156	0.840218	0.0881663
515	0.135282	0.437486	0.427232
516	0.549496	0.168929	0.281575
517	0.292153	0.35625	0.351596
518	0.191695	0.384527	0.423777
519	0.236527	0.391815	0.371658
520	0.625818	0.137878	0.236304
521	0.345435	0.255943	0.398622
522	0.39705	0.295231	0.307719
523	0.292218	0.533168	0.174615
524	0.179732	0.549721	0.270547
525	0.234265	0.201196	0.564539
526	0.185507	0.374058	0.440434
527	0.325672	0.355627	0.318701
528	0.174684	0.302014	0.523303
529	0.345714	0.33507	0.319216
530	0.901903	0.0481119	0.0499854
531	0.222672	0.37248	0.404848
532	0.994444	0.00555567	0
533	0.216695	0.485523	0.297782
534	0.263081	0.435359	0.30156
535	0.25896	0.452283	0.288756
536	0.124442	0.674733	0.200825
537	0.458812	0.202785	0.338403
538	0.451973	0.312198	0.235829
539	0.396502	0.407555	0.195944
540	0.0955916	0.397271	0.507138
541	0.296055	0.374785	0.32916
542	0.320902	0.371635	0.307464
543	0.529033	0.309097	0.16187
544	0.549163	0.198881	0.251956
545	0.223509	0.469693	0.306798
546	0.34562	0.377867	0.276513
547	0.226141	0.422661	0.351198
548	0.249708	0.383216	0.367076
549	0.373402	0.364231	0.262367
550	0.320365	0.392669	0.286966
551	0.19326	0.498189	0.308551
552	0.221253	0.262593	0.516154
553	0.272486	0.524458	0.203056
554	0.270014	0.479908	0.250078
555	0.352396	0.478902	0.168701
556	0.325484	0.377805	0.296712
557	0.794759	0.172594	0.0326466
558	0.387738	0.0906684	0.521593
559	0.469023	0.27313	0.257847
560	0.309882	0.494594	0.195525
561	0.335644	0.585674	0.0786818
562	0.374606	0.427011	0.198383
563	0.534158	0.212708	0.253134
564	0.326747	0.427986	0.245267
565	0.372297	0.375512	0.252191
566	0.418472	0.446364	0.135163
567	0.241345	0.572316	0.186338
568	0.418358	0.263882	0.31776
569	0.453565	0.535236	0.0111989
570	0.132164	0.522306	0.345531
571	0.167099	0.525404	0.307497
572	0.405315	0.395449	0.199236
573	0.40946	0.347959	0.242581
574	0.602061	0.246146	0.151793
575	0.332999	0.339668	0.327332
576	0.387625	0.454923	0.157452
577	0.592326	0.233823	0.173851
578	0.531617	0.222153	0.246229
579	0.340328	0.375857	0.283816
580	0.316149	0.386979	0.296872
581	0.53272	0.224919	0.24236
582	0.464342	0.266644	0.269014
583	0.484462	0.515538	0
584	0.455975	0.298537	0.245488
585	0.355907	0.246283	0.39781
586	0.367558	0.39619	0.236252
587	0.37108	0.383352	0.245569
588	0.381823	0.341343	0.276834
589	0.324573	0.490679	0.184748
590	0.306732	0.449302	0.243966
591	0.130483	0.370909	0.498608
592	0.43132	0.315945	0.252735
593	0.46772	0.395274	0.137006
594	0.401525	0.391485	0.20699
595	0.107752	0.162876	0.729372
596	0.365367	0.268861	0.365772
597	0.396181	0.268318	0.335501
598	0.355433	0.439473	0.205094
599	0.26793	0.558728	0.173342
600	0.350782	0.352725	0.296494
601	0.461901	0.308881	0.229218
602	0.41132	0.384121	0.204559
603	0.343116	0.358518	0.298367
604	0.410057	0.225858	0.364085
605	0.321657	0.31389	0.364452
606	0.494745	0.204007	0.301248
607	0.146667	0.562849	0.290484
608	0.376192	0.356412	0.267396
609	0.462169	0.403074	0.134757
610	0.304591	0.290851	0.404558
611	0.243231	0.444619	0.31215
612	0.1674	0.28173	0.550869
613	0.306572	0.306379	0.387049
614	0.972544	0.0207092	0.00674658
615	0.376149	0.204465	0.419385
616	0.254323	0.568298	0.177379
617	0.99803	0.000967561	0.00100257
618	0.451449	0.262226	0.286326
619	0.346971	0.357541	0.295488
620	0.237062	0.439698	0.32324
621	0.220678	0.412426	0.366896
622	0.252204	0.417471	0.330325
623	0.249924	0.322599	0.427477
624	0.506707	0.38396	0.109333
625	0.365501	0.284	0.350499
626	0.280871	0.384591	0.334538
627	0.258094	0.391014	0.350892
628	0.230413	0.397948	0.371639
629	0.226882	0.390333	0.382786
630	0.294428	0.0870148	0.618557
631	0.465483	0.167402	0.367115
632	0.0626894	0.452215	0.485095
633	0.33907	0.363006	0.297924
634	0.36568	0.445402	0.188919
635	0.109646	0.108391	0.781963
636	0.308416	0.281941	0.409643
637	0.248908	0.33789	0.413201
638	0.219527	0.176712	0.603761
639	0.247331	0.364255	0.388415
640	0.286009	0.234373	0.479618
641	0.312212	0.393551	0.294237
642	0.421171	0.282958	0.29587
643	0.362352	0.3596	0.278048
644	0.194873	0.429564	0.375562
645	0.0517185	0.144645	0.803636
646	0.117924	0.461086	0.42099
647	0.391633	0.468093	0.140274
648	0.335772	0.284737	0.379491
649	0.181838	0.124226	0.693936
650	0.315436	0.326869	0.357694
651	0.327847	0.317969	0.354184
652	0.29207	0.331455	0.376475
653	0.234949	0.480793	0.284257
654	0.195999	0.271885	0.532115
655	0.302345	0.312634	0.385021
656	0.377557	0.437036	0.185407
657	0.310271	0.27808	0.411649
658	0.243946	0.356248	0.399806
659	0.182484	0.416734	0.400782
660	0.348764	0.317574	0.333662
661	0.303504	0.250843	0.445653
662	0.522616	0.477384	0
663	0.247266	0.294891	0.457843
664	0.450141	0.269018	0.280842
665	0.248507	0.327216	0.424277
666	0.279164	0.223258	0.497578
667	0.231224	0.392977	0.375799
668	0.309558	0.365519	0.324923
669	0.311273	0.363499	0.325227
670	0.258083	0.436772	0.305146
671	0.220074	0.456323	0.323603
672	0.30282	0.311047	0.386133
673	0.0397812	0.627371	0.332848
674	0.799529	0.0289282	0.171543
675	0.217096	0.342324	0.440581
676	0.150713	0.466402	0.382885
677	0.206926	0.330684	0.462391
678	0.0275688	0.456762	0.515669
679	0.26179	0.339406	0.398805
680	0.270129	0.347604	0.382267
681	0.326642	0.358695	0.314663
682	0.445135	0.197829	0.357036
683	0.363579	0.393549	0.242872
684	0.225685	0.426217	0.348098
685	0.301308	0.331515	0.367177
686	0.183439	0.312421	0.50414
687	0.43904	0.239536	0.321424
688	0.373996	0.383169	0.242835
689	0.427517	0.161485	0.410998
690	0.477242	0.351946	0.170812
691	0.237859	0.47916	0.282981
692	0.241522	0.30762	0.450857
693	0.230974	0.287095	0.481931
694	0.00752041	0.406661	0.585818
695	0.571752	0.00447298	0.423775
696	0.994282	0	0.00571752
697	0.00351469	0.352031	0.644454
698	0.862141	0.0616765	0.0761827
699	0.349685	0.266128	0.384186
700	0.289963	0.418873	0.291164
701	0.366376	0.286517	0.347107
702	0.432287	0.446578	0.121136
703	0.29215	0.413765	0.294085
704	0.41002	0.36948	0.220499
705	0.356587	0.375034	0.268379
706	0.44879	0.258644	0.292566
707	0.324682	0.447455	0.227864
708	0.564188	0.0396389	0.396174
709	0.179421	0.139676	0.680902
710	0.294128	0.369331	0.336541
711	0.460926	0.539074	0
712	0.0395799	0.393303	0.567117
713	0.943467	0.0245946	0.0319385
714	0.249137	0.397239	0.353624
715	0.290347	0.352922	0.356732
716	0.346559	0.413826	0.239615
717	0.268485	0.358778	0.372737
718	0.376697	0.335793	0.28751
719	0.400259	0.39111	0.208631
720	0.0705438	0.401227	0.52823
721	0.0173822	0.0101239	0.972494
722	0.295334	0.320161	0.384505
723	0.229054	0.528611	0.242335
724	0.206788	0.565032	0.22818
725	0.0630946	0.427678	0.509227
726	0.320677	0.266212	0.413111
727	0.323912	0.365956	0.310132
728	0.232568	0.348354	0.419079
729	0.245618	0.355301	0.399081
730	0.266197	0.361084	0.372719
731	0.304175	0.327978	0.367848
732	0.408917	0.288454	0.302628
733	0.34456	0.324983	0.330457
734	0.166448	0.390832	0.44272
735	0.334517	0.361519	0.303964
736	0.358138	0.412437	0.229425
737	0.84134	0.145289	0.0133706
738	0.382001	0.35984	0.258159
739	0.969343	0	0.0306566
740	0.985612	0.00185236	0.0125353
741	0.0318622	0.56845	0.399687
742	0.389906	0.240662	0.369432
743	0.282765	0.32706	0.390175
744	0.160884	0.380846	0.45827
745	0.572978	0.209251	0.217771
746	0.126948	0.455735	0.417317
747	0.493217	0.191617	0.315166
748	0.708422	0.190144	0.101434
749	0.317118	0.501128	0.181754
750	0.271554	0.337722	0.390723
751	0.116981	0.402199	0.480821
752	0.24809	0.413226	0.338685
753	0.551245	0.195256	0.253499
754	0.322714	0.136488	0.540799
755	0.10854	0.720479	0.17098
756	0.429513	0.259896	0.310591
757	0.239767	0.192786	0.567447
758	0.361735	0.347221	0.291043
759	0.41016	0.377297	0.212543
760	0.407019	0.302912	0.290068
761	0.421208	0.252091	0.326701
762	0.16003	0.415183	0.424786
763	0.2931	0.355473	0.351427
764	0.322229	0.411582	0.266189
765	0.385092	0.300591	0.314317
766	0.330149	0.3539	0.315951
767	0.309618	0.245829	0.444553
768	0.372087	0.221745	0.406168
769	0.100543	0.349036	0.550421
770	0.507497	0.368806	0.123697
771	0.202145	0.297292	0.500563
772	0.36746	0.336255	0.296285
773	0.4048	0.392554	0.202646
774	0.29822	0.336617	0.365163
775	0.412021	0.349664	0.238314
776	0.192842	0.410606	0.396552
777	0.27917	0.55626	0.16457
778	0.241498	0.409012	0.349491
779	0.352468	0.235303	0.412229
780	0.406095	0.226225	0.36768
781	0.0837032	0.206897	0.7094
782	0.213651	0.284202	0.502146
783	0.0610112	0.424568	0.51442
784	0.162531	0.223902	0.613567
785	0.252778	0.494449	0.252773
786	0.307309	0.334851	0.35784
787	0.577893	0.148842	0.273266
788	0.155131	0.340977	0.503892
789	0.280082	0.284661	0.435256
790	0.193435	0.569113	0.237452
791	0.30084	0.366082	0.333077
792	0.344798	0.318318	0.336884
793	0.381232	0.228044	0.390724
794	0.267058	0.293981	0.438961
795	0.456357	0.337102	0.206541
796	0.207738	0.282031	0.510231
797	0.170119	0.0933955	0.736486
798	0.332658	0.384888	0.282454
799	0.233112	0.175938	0.59095
800	0.285824	0.418507	0.295669
801	0.364503	0.330085	0.305412
802	0.347579	0.400197	0.252224
803	0.261631	0.431833	0.306536
804	0.187091	0.610709	0.2022
805	0.24548	0.359877	0.394643
806	0.233865	0.396248	0.369886
807	0.382165	0.366088	0.251747
808	0.053511	0.0346762	0.911813
809	0.480937	0.346483	0.172579
810	0.11218	0.655912	0.231908
811	0.0917276	0.359626	0.548647
812	0.273931	0.384202	0.341867
813	0.312669	0.418123	0.269208
814	0.36558	0.384731	0.249689
815	0.183607	0.636705	0.179688
816	0.72262	0.201748	0.0756325
817	0.111651	0.448974	0.439375
818	0.425557	0.4306	0.143844
819	0.456965	0.288299	0.254736
820	0.199804	0.492857	0.30734
821	0.373234	0.355884	0.270882
822	0.34972	0.410139	0.24014
823	0.310633	0.381096	0.308271
824	0.363775	0.265648	0.370577
825	0.353068	0.294735	0.352197
826	0.450169	0.241505	0.308326
827	0.23324	0.391552	0.375208
828	0.304049	0.241768	0.454183
829	0.212829	0.227275	0.559896
830	0.444842	0.221953	0.333205
831	0.25148	0.409182	0.339339
832	0.189171	0.236945	0.573885
833	0.425635	0.261882	0.312483
834	0.161138	0.567589	0.271272
835	0.498234	0.381912	0.119854
836	0.711248	0.0630551	0.225697
837	0.355752	0.498936	0.145312
838	0.380551	0.255458	0.363991
839	0.354833	0.27707	0.368098
840	0.369367	0.328277	0.302356
841	0.42937	0.226279	0.344351
842	0.412086	0.27009	0.317824
843	0.317945	0.312977	0.369078
844	0.433789	0.294874	0.271337
845	0.356774	0.381655	0.26157
846	0.340099	0.238661	0.42124
847	0.0634139	0.442609	0.493977
848	0.284347	0.225298	0.490355
849	0.388048	0.265222	0.34673
850	0.374385	0.37266	0.252955
851	0.330427	0.170145	0.499428
852	0.291335	0.491752	0.216913
853	0.820245	0.121858	0.0578976
854	0.286278	0.405586	0.308136
855	0.345775	0.444591	0.209634
856	0.0612303	0.66166	0.277109
857	0.393193	0.291433	0.315374
858	0.302125	0.332766	0.365109
859	0.441261	0.482874	0.0758651
860	0.247149	0.448835	0.304016
861	0.330483	0.390065	0.279452
862	0.99852	0.00105081	0.000429478
863	0.350821	0.310201	0.338978
864	0.319899	0.241598	0.438503
865	0.334814	0.00700776	0.658178
866	0.646589	0.195618	0.157794
867	0.354968	0.344731	0.300301
868	0.362016	0.377267	0.260717
869	0.435711	0.235387	0.328903
870	0.56123	0.147048	0.291723
871	0.342718	0.3433	0.313981
872	0.385663	0.37485	0.239487
873	0.330463	0.36318	0.306357
874	0.259778	0.33941	0.400812
875	0.235089	0.405159	0.359752
876	0.379085	0.345163	0.275752
877	0.391855	0.489304	0.118841
878	0.475381	0.400174	0.124445
879	0.813188	0.130051	0.0567614
880	0.344779	0.329018	0.326203
881	0.187568	0.485248	0.327184
882	0.237262	0.682745	0.0799933
883	0.152306	0.511765	0.33593
884	0.395552	0.284921	0.319527
885	0.261962	0.354194	0.383844
886	0.291317	0.308761	0.399922
887	0.270471	0.336572	0.392957
888	0.347609	0.241745	0.410646
889	0.230413	0.356041	0.413546
890	0.294356	0.485968	0.219676
891	0.347713	0.423513	0.228774
892	0.339654	0.347572	0.312774
893	0.373082	0.534494	0.0924241
894	0.287924	0.304579	0.407496
895	0.292709	0.302751	0.40454
896	0.427299	0.231876	0.340825
897	0.347507	0.372124	0.280369
898	0.382736	0.433717	0.183547
899	0.451076	0.293692	0.255232
900	0.27238	0.660802	0.0668176
901	0.441958	0.302487	0.255556
902	0.330316	0.329132	0.340552
903	0.580622	0.114746	0.304632
904	0.325218	0.418708	0.256074
905	0.245971	0.0919466	0.662082
906	0.347578	0.333003	0.319418
907	0.521847	0.208591	0.269563
908	0.261345	0.329222	0.409433
909	0.289693	0.334242	0.376066
910	0.274217	0.284537	0.441246
911	0.14409	0.288743	0.567168
912	0.327814	0.315597	0.356589
913	0.305199	0.312887	0.381914
914	0.457869	0.382529	0.159601
915	0.257427	0.373322	0.369251
916	0.327926	0.286838	0.385236
917	0.0560369	0.659847	0.284116
918	0.309265	0.306215	0.384519
919	0.379898	0.225105	0.394998
920	0.215439	0.376372	0.408189
921	0.238021	0.395214	0.366765
922	0.38818	0.23572	0.376099
923	0.5611	0.421509	0.0173912
924	0.0550325	0.28866	0.656307
925	0.410751	0.286252	0.302998
926	0.678356	0.0578204	0.263824
927	0.0785432	0.239383	0.682074
928	0.276724	0.345365	0.377912
929	0.446389	0.341023	0.212588
930	0.381613	0.396926	0.221462
931	0.248034	0.355175	0.396791
932	0.270493	0.352293	0.377214
933	0.255631	0.272262	0.472107
934	0.295356	0.280505	0.424139
935	0.437519	0.335681	0.2268
936	0.330043	0.303958	0.365999
937	0.809361	0.160824	0.0298151
938	0.33911	0.258869	0.402021
939	0.226685	0.282077	0.491238
940	0.346466	0.335738	0.317796
941	0.231525	0.331474	0.437
942	0.0582723	0.460796	0.480931
943	0.176386	0.137192	0.686422
944	0.288887	0.281714	0.429399
945	0.621813	0.0764115	0.301775
946	0.362677	0.367938	0.269385
947	0.361808	0.302623	0.335569
948	0.0707801	0.510541	0.418679
949	0.168149	0.432889	0.398961
950	0.268937	0.435591	0.295472
951	0.401616	0.325889	0.272495
952	0.103313	0.319272	0.577415
953	0.330339	0.50108	0.168581
954	0.21075	0.544963	0.244286
955	0.264757	0.425922	0.30932
956	0.366147	0.281494	0.352359
957	0.282559	0.399427	0.318014
958	0.47064	0.262895	0.266465
959	0.305737	0.297319	0.396944
960	0.301799	0.327929	0.370272
961	0.336574	0.345753	0.317673
962	0.12723	0.583221	0.289549
963	0.568637	0.277864	0.153499
964	0.243414	0.154549	0.602037
965	0.278545	0.530998	0.190456
966	0.38955	0.368983	0.241467
967	0.201155	0.48083	0.318014
968	0.32	0.349362	0.330638
969	0.0580664	0.781942	0.159992
970	0.165842	0.680628	0.15353
971	0.28688	0.363161	0.349959
972	0.0860276	0.441197	0.472775
973	0.443853	0.183623	0.372524
974	0.302855	0.362253	0.334892
975	0.36691	0.210709	0.422381
976	0.508079	0.275186	0.216734
977	0.279219	0.389971	0.330811
978	0.0195201	0.0981652	0.882315
979	0.23348	0.38417	0.382349
980	0.190652	0.414734	0.394615
981	0.149676	0.444075	0.406249
982	0.100305	0.435338	0.464358
983	0.316385	0.336012	0.347603
984	0.147473	0.416671	0.435857
985	0.263111	0.373489	0.3634
986	0.262196	0.392339	0.345465
987	0.20826	0.389919	0.401821
988	0.142351	0.434587	0.423062
989	0.211924	0.31041	0.477666
990	0.215417	0.426026	0.358557
991	0.292773	0.40564	0.301587
992	0.316587	0.356209	0.327204
993	0.16508	0.490126	0.344794
994	0.349648	0.326995	0.323357
995	0.272744	0.51918	0.208076
996	0.314784	0.340181	0.345035
997	0.413508	0.031498	0.554994
998	0.310403	0.332834	0.356763
999	0.0324255	0.494764	0.472811
1000	0.451356	0.244175	0.30447
1001	0.313996	0.377023	0.308981
1002	0.364812	0.362025	0.273163
1003	0.24585	0.369233	0.384917
1004	0.1751	0.502407	0.322493
1005	0.229493	0.513373	0.257135
1006	0.255192	0.370339	0.37447
1007	0.29277	0.399578	0.307653
1008	0.258261	0.368723	0.373016
1009	0.565348	0.276044	0.158608
1010	0.448156	0.220212	0.331632
1011	0.140304	0.42104	0.438657
1012	0.259632	0.103247	0.637121
1013	0.546289	0.21322	0.240491
1014	0.469441	0.315842	0.214718
1015	0.502963	0.338472	0.158566
1016	0.914177	0.052268	0.033555
1017	0.35975	0.361814	0.278436
1018	0.321704	0.401194	0.277102
1019	0.353183	0.451511	0.195306
1020	0.326984	0.330848	0.342169
1021	0.292528	0.420196	0.287277
1022	0.281991	0.435942	0.282067
1023	0.22805	0.399742	0.372209
1024	0.315354	0.339963	0.344683
1025	0.299663	0.528734	0.171603
1026	0.351803	0.351499	0.296699
1027	0.279812	0.403142	0.317046
1028	0.282738	0.341905	0.375358
1029	0.433602	0.314554	0.251844
1030	0.209848	0.240459	0.549694
1031	0.202897	0.561333	0.23577
1032	0.308904	0.339441	0.351655
1033	0.532061	0.412916	0.0550227
1034	0.364582	0.271567	0.363851
1035	0.336019	0.278385	0.385596
1036	0.340512	0.315243	0.344245
1037	0.222104	0.528923	0.248974
1038	0.301689	0.367752	0.330559
1039	0.319125	0.402502	0.278373
1040	0.203272	0.491015	0.305713
1041	0.266607	0.42658	0.306812
1042	0.279674	0.361261	0.359066
1043	0.426033	0.065914	0.508053
1044	0.350456	0.327608	0.321936
1045	0.240661	0.391636	0.367703
1046	0.258596	0.200532	0.540872
1047	0.355846	0.310073	0.334081
1048	0.225258	0.309066	0.465676
1049	0.222057	0.447252	0.330691
1050	0.108666	0.470989	0.420346
1051	0.312456	0.0662261	0.621318
1052	0.446831	0.296099	0.257071
1053	0.434042	0.349245	0.216713
1054	0.250067	0.404186	0.345747
1055	0.114833	0.355386	0.529781
1056	0.194993	0.232606	0.572401
1057	0.110664	0.390458	0.498877
1058	0.170748	0.598965	0.230287
1059	0.268489	0.329516	0.401995
1060	0.195505	0.388295	0.4162
1061	0.00330605	0.409497	0.587197
1062	0.00460555	0.0614225	0.933972
1063	0.316439	0.348479	0.335082
1064	0.256376	0.391657	0.351967
1065	0.297332	0.36073	0.341938
1066	0.157911	0.52277	0.31932
1067	0.274761	0.434371	0.290868
1068	0.272176	0.339819	0.388005
1069	0.244351	0.363955	0.391694
1070	0.264155	0.380904	0.354941
1071	0.464817	0.256833	0.27835
1072	0.348544	0.398389	0.253066
1073	0.386814	0.461874	0.151313
1074	0.211011	0.602699	0.18629
1075	0.521764	0.225192	0.253044
1076	0.299451	0.421677	0.278872
1077	0.368357	0.339477	0.292166
1078	0.310225	0.358425	0.33135
1079	0.235959	0.393832	0.370209
1080	0.354272	0.496714	0.149014
1081	0.0757195	0.58392	0.340361
1082	0.359429	0.271922	0.36865
1083	0.351422	0.382313	0.266265
1084	0.32309	0.374309	0.302601
1085	0.290662	0.325615	0.383723
1086	0.441828	0.249473	0.308699
1087	0.211994	0.423626	0.36438
1088	0.44252	0.256449	0.301031
1089	0.268351	0.359205	0.372444
1090	0.31012	0.378916	0.310963
1091	0.351388	0.39458	0.254032
1092	0.366833	0.527131	0.106036
1093	0.42927	0.297657	0.273073
1094	0.403524	0.320397	0.276079
1095	0.47458	0.229978	0.295442
1096	0.320342	0.336354	0.343303
1097	0.040652	0.756222	0.203126
1098	0.266512	0.384308	0.34918
1099	0.11847	0.496685	0.384845
1100	0.0828625	0.179453	0.737684
1101	0.387097	0.363441	0.249462
1102	0.451386	0.272211	0.276403
1103	0.388069	0.333295	0.278635
1104	0.45588	0.271153	0.272967
1105	0.173314	0.718555	0.10813
1106	0.296158	0.3725	0.331343
1107	0.524387	0.00774328	0.467869
1108	0.617561	0.267281	0.115158
1109	0.325725	0.285469	0.388806
1110	0.0368828	0.946042	0.0170749
1111	0.858006	0.0133772	0.128617
1112	0.39318	0.399326	0.207494
1113	0.282805	0.444831	0.272364
1114	0.316302	0.380087	0.30361
1115	0.297713	0.292769	0.409518
1116	0.378969	0.511061	0.109969
1117	0.77604	0.125399	0.0985603
1118	0.448017	0.442148	0.109835
1119	0.403852	0.375612	0.220536
1120	0.159439	0.401565	0.438996
1121	0.296842	0.243369	0.459789
1122	0.228295	0.515162	0.256543
1123	0.499819	0.295194	0.204986
1124	0.40778	0.524983	0.0672371
1125	0.370852	0.382031	0.247117
1126	0.292795	0.390381	0.316823
1127	0.228596	0.521681	0.249723
1128	0.502322	0.30484	0.192837
1129	0.34808	0.379153	0.272767
1130	0.435231	0.268284	0.296484
1131	0.239956	0.189778	0.570266
1132	0.186587	0.549678	0.263735
1133	0.761211	0.0709199	0.167869
1134	0.416716	0.326049	0.257236
1135	0.279639	0.718582	0.00177909
1136	0.308577	0.399039	0.292384
1137	0.306241	0.471586	0.222173
1138	0.29755	0.442525	0.259925
1139	0.188839	0.5016	0.309562
1140	0.552714	0.29386	0.153426
1141	0.46936	0.361483	0.169156
1142	0.391872	0.369598	0.238529
1143	0.29575	0.598334	0.105916
1144	0.95303	0.0187737	0.0281958
1145	0.267299	0.466305	0.266395
1146	0.327095	0.355406	0.317499
1147	0.267729	0.477127	0.255144
1148	0.995077	0.0029482	0.00197458
1149	0.363892	0.298594	0.337515
1150	0.088269	0.285803	0.625928
1151	0.111382	0.696607	0.192011
1152	0.461546	0.220585	0.317868
1153	0.372448	0.330817	0.296735
1154	0.443433	0.214086	0.342481
1155	0.00249225	0.0146909	0.982817
1156	0.33252	0.436274	0.231206
1157	0.351214	0.414447	0.234339
1158	0.251715	0.457726	0.290559
1159	0.398797	0.148657	0.452546
1160	0.348533	0.180582	0.470885
1161	0.197876	0.560582	0.241542
1162	0.64674	0.35326	0
1163	0.352909	0.284335	0.362756
1164	0.280226	0.531631	0.188143
1165	0.128868	0.842588	0.0285434
1166	0.140657	0.593688	0.265656
1167	0.167069	0.663282	0.169649
1168	0.0373143	0.837362	0.125324
1169	0.258096	0.352901	0.389003
1170	0.984498	0.00750125	0.00800064
1171	0.972653	0.0242884	0.00305828
1172	0.918583	0.0640185	0.0173983
1173	0.184585	0.560248	0.255167
1174	0.134339	0.448053	0.417608
1175	0.370042	0.357562	0.272396
1176	0.628748	0.205496	0.165756
1177	0.305664	0.374255	0.320081
1178	0.462662	0.521013	0.016325
1179	0.465341	0	0.534659
1180	0.0833855	0.407834	0.50878
1181	0.124573	0.598032	0.277395
1182	0.246919	0.324621	0.42846
1183	0.985794	0.00740335	0.00680234
1184	0.148599	0.742161	0.109241
1185	0.696819	0.139915	0.163266
1186	0.0267926	0.0286487	0.944559
1187	0.189842	0.0817016	0.728456
1188	0.0497073	0.197321	0.752971
1189	0.501377	0.476992	0.0216312
1190	0.320023	0.00943527	0.670542
1191	0.0489857	0.921233	0.0297816
1192	0.572546	0.193771	0.233683
1193	0.338729	0.257165	0.404107
1194	0.997385	0.0026148	0
1195	0.385406	0.346497	0.268097
1196	0.0434523	0.544483	0.412065
1197	0.928054	0.0461019	0.0258442
1198	0.542268	0.129308	0.328423
1199	0.514052	0.391259	0.0946891
1200	0.0490972	0.950903	0
1201	0.0910034	0.425501	0.483496
1202	0	0.240236	0.759764
1203	0.981633	0.00379457	0.0145726
1204	0.078836	0.0066536	0.91451
1205	0.22274	0.39728	0.37998
1206	0.0765395	0.832247	0.0912138
1207	0.0547896	0.851396	0.0938143
1208	0.0118489	0.984604	0.00354683
1209	0.564947	0.0468291	0.388224
1210	0.406446	0.115993	0.477561
1211	0.246401	0.15155	0.602049
1212	0	1	0
1213	0.196885	0.200463	0.602653
1214	0.909512	0.00128228	0.0892062
1215	0.349512	0	0.650488
1216	0.431765	0.34698	0.221256
1217	0.772771	0.0181921	0.209037
1218	1	0	0
1219	0	0.48913	0.51087
1220	0.1933	0.398445	0.408255
1221	0.290484	0.472475	0.237041
1222	0.135517	0.510172	0.354312
1223	0.326216	0.324413	0.349372
1224	0.375497	0.418108	0.206394
1225	0.246203	0.404362	0.349435
1226	0.282506	0.329384	0.388109
1227	0.466451	0.23557	0.297979
1228	0.120117	0.383031	0.496853
1229	0.263246	0.345596	0.391159
1230	0.00531143	0.987603	0.00708562
1231	0.970121	0.00571606	0.024163
1232	0.300021	0.587252	0.112727
1233	0.624945	0.142216	0.232839
1234	0.279298	0.535012	0.18569
1235	0.471747	0.368489	0.159765
1236	0.29443	0.341178	0.364392
1237	0.312444	0.430487	0.257069
1238	0.308952	0.426111	0.264937
1239	0.00670761	0.934219	0.0590734
1240	0.32209	0.332824	0.345086
1241	0.181648	0.384145	0.434207
1242	0.800285	0.19448	0.00523491
1243	0.845663	0.0705679	0.0837692
1244	0.110264	0.00264991	0.887086
1245	0.202401	0.450663	0.346937
1246	0.259406	0.588884	0.151711
1247	0.559766	0.419495	0.0207384
1248	0.451395	0.430424	0.118182
1249	0.616824	0.356014	0.0271624
1250	0.337818	0.32696	0.335222
1251	0.408213	0.209136	0.382651
