Balance	0.33	0.33	0.33	
H_dominance	1	0	0	
St1_dominance	0	1	0	
St2_dominance	0	0	1	
H_suppressed	0	0.5	0.5	
St1_suppressed	0.5	0	0.5	
St2_suppressed	0.5	0.5	0	
1	0.276063	0.492685	0.231251	Root
2	0.371361	0.470091	0.158548	Root
3	0.217095	0.430405	0.3525	Root
4	0.194717	0.388209	0.417073	Root
5	0.331816	0.291305	0.376879	Root
6	0.428219	0.263028	0.308753	Root
7	0.199476	0.436971	0.363552	Root
8	0.334259	0.436992	0.228749	Root
9	0.255396	0.478279	0.266325	Root
10	0.451336	0.286464	0.2622	Root
11	0.0485314	0.624383	0.327086	Root
12	0	0.528432	0.471568	Root
13	0.315765	0.247284	0.436951	Root
14	0.379048	0.313777	0.307175	Root
15	0.272136	0.341111	0.386753	Root
16	0.246741	0.429887	0.323372	Root
17	0.350034	0.371098	0.278869	Root
18	0.521676	0.375842	0.102482	Root
19	0.384801	0.317443	0.297756	Root
20	0.337533	0.333558	0.328909	Root
21	0.288003	0.381235	0.330762	Root
22	0.342616	0.371566	0.285818	Root
23	0.582243	0.417757	0	Root
24	0.325694	0.330976	0.34333	Root
25	0.254105	0.518457	0.227439	Root
26	0.229884	0.554708	0.215409	Root
27	0.369262	0.334065	0.296674	Root
28	0.30363	0.477913	0.218457	Root
29	0.349703	0.342998	0.307299	Root
30	0.246097	0.424685	0.329218	Root
31	0.156919	0.594394	0.248687	Root
32	0.00176161	0.45156	0.546678	Root
33	0.178565	0.820175	0.00125974	Root
34	0.393682	0.411914	0.194404	Root
35	0.437564	0.49647	0.0659653	Root
36	0.0610207	0.575523	0.363456	Root
37	0.946161	0.020464	0.0333752	Root
38	0.216118	0.420562	0.363321	Root
39	0.201726	0.51995	0.278323	Root
40	0.453571	0.230074	0.316354	Root
41	0.300469	0.358376	0.341154	Root
42	0.574572	0.168344	0.257084	Root
43	0.897624	0.081012	0.0213636	Root
44	0.362031	0.423078	0.214891	Root
45	0.456707	0.270671	0.272622	Root
46	0.311069	0.310898	0.378033	Root
47	0.0383292	0.589466	0.372205	Root
48	0.602864	0.287004	0.110132	Root
49	0.347736	0.317098	0.335166	Root
50	0.313222	0.291751	0.395027	Root
51	0.234548	0.380669	0.384783	Root
52	0.332026	0.318018	0.349956	Root
53	0.447949	0.260521	0.29153	Root
54	0.386932	0.36788	0.245188	Root
55	0.418736	0.247154	0.33411	Root
56	0.509513	0.47766	0.0128272	Root
57	0.133717	0.284195	0.582088	Root
58	0.237401	0.388801	0.373798	Root
59	0.442802	0.272926	0.284271	Root
60	0.317364	0.0015887	0.681048	Root
61	0.288292	0.401436	0.310272	Root
62	0.339161	0.37801	0.282829	Root
63	0.318253	0.498394	0.183354	Root
64	0.756556	0.235533	0.00791119	Root
65	0.226586	0.545999	0.227415	Root
66	0.332806	0.38505	0.282144	Root
67	0.480291	0.338547	0.181162	Root
68	0.417444	0.259542	0.323013	Root
69	0.247842	0.406846	0.345312	Root
70	0.51922	0.386926	0.0938543	Root
71	0.35259	0.335515	0.311895	Root
72	0.491416	0.239109	0.269476	Root
73	0.272055	0.470456	0.257489	Root
74	0.21181	0.238682	0.549507	Root
75	0.349033	0.452295	0.198671	Root
76	0.347818	0.448014	0.204168	Root
77	0.225931	0.759059	0.0150101	Root
78	0.408918	0.387173	0.203909	Root
79	0.00016268	0.517378	0.48246	Root
80	0.998756	0.000878314	0.000366104	Root
81	0.365532	0.38991	0.244558	Root
82	0.331722	0.519791	0.148487	Root
83	0.519496	0.252926	0.227578	Root
84	0.00225071	0.630627	0.367122	Root
85	0.365624	0.549294	0.0850818	Root
86	0.263389	0.398045	0.338566	Root
87	0.370072	0.324957	0.304971	Root
88	0.275979	0.521227	0.202794	Root
89	0.335498	0.542044	0.122458	Root
90	0.398665	0.419516	0.18182	Root
91	0.224921	0.366551	0.408528	Root
92	0.200032	0.596596	0.203372	Root
93	0.388313	0.399613	0.212074	Root
94	0.387438	0.416235	0.196327	Root
95	0.572968	0.414428	0.0126044	Root
96	0.297781	0.481643	0.220576	Root
97	0.355662	0.491628	0.15271	Root
98	0.27212	0.474315	0.253565	Root
99	0.331746	0.419398	0.248856	Root
100	0.345121	0.320462	0.334417	Root
101	0.412446	0.271095	0.31646	Root
102	0.43166	0.272024	0.296316	Root
103	0.333734	0.40452	0.261746	Root
104	0.143931	0.4212	0.434869	Root
105	0.320944	0.34695	0.332107	Root
106	0.404844	0.309932	0.285223	Root
107	0.255178	0.681543	0.0632789	Root
108	0.168796	0.821503	0.00970123	Root
109	0.300453	0.517063	0.182485	Root
110	0.322469	0.388179	0.289352	Root
111	0.400877	0.313825	0.285298	Root
112	0.309522	0.429053	0.261425	Root
113	0.855213	0.118666	0.0261206	Root
114	0.392331	0.420266	0.187403	Root
115	0.433145	0.324825	0.242029	Root
116	0.387854	0.39299	0.219156	Root
117	0.436568	0.247478	0.315954	Root
118	0.384653	0.315289	0.300057	Root
119	0.384924	0.365438	0.249638	Root
120	0.0280901	0.881748	0.0901615	Root
121	0.00195229	0.841555	0.156493	Root
122	0.0935477	0.906452	0	Root
123	0.23465	0.251491	0.513859	Root
124	0.336173	0.469745	0.194082	Root
125	0.519338	0.431829	0.0488334	Root
126	0.429045	0.25924	0.311715	Root
127	0.628231	0.285365	0.0864038	Root
128	0.299948	0.410727	0.289325	Root
129	0.567776	0.431729	0.000494474	Root
130	0.381581	0.437718	0.180701	Root
131	0.345963	0.511758	0.142279	Root
132	0.339943	0.388062	0.271996	Root
133	0.314333	0.47654	0.209127	Root
134	0.353758	0.362412	0.28383	Root
135	0.592092	0.24722	0.160688	Root
136	0.414709	0.230396	0.354895	Root
137	0.381811	0.304508	0.31368	Root
138	0.391467	0.419637	0.188896	Root
139	0.354737	0.444406	0.200858	Root
140	0.0660252	0.446156	0.487818	Root
141	0.392842	0.310435	0.296723	Root
142	0.414718	0.391335	0.193947	Root
143	0.330667	0.342515	0.326818	Root
144	0.408677	0.4186	0.172723	Root
145	0.69656	0.182146	0.121294	Root
146	0.536457	0.18635	0.277192	Root
147	0.629543	0.0660842	0.304373	Root
148	0.337154	0.378233	0.284613	Root
149	0.961785	0.0341497	0.00406511	Root
150	0.356085	0.389714	0.254202	Root
151	0.391067	0.364887	0.244046	Root
152	0.274899	0.353253	0.371848	Root
153	0.51352	0.299922	0.186558	Root
154	0.377871	0.432351	0.189778	Root
155	0.570377	0.385014	0.0446089	Root
156	0.440523	0.424076	0.135401	Root
157	0.688039	0.0683431	0.243618	Root
158	0.332304	0.262614	0.405082	Root
159	0.442833	0.261625	0.295542	Root
160	0.387894	0.375144	0.236962	Root
161	0.0524422	0.817976	0.129582	Root
162	0.334074	0.416829	0.249097	Root
163	0.386815	0.447378	0.165807	Root
164	0.145551	0.67418	0.180269	Root
165	0.822131	0.00507627	0.172792	Root
166	0.418236	0.371148	0.210617	Root
167	0.378516	0.298178	0.323306	Root
168	0.434436	0.533066	0.0324975	Root
169	0.321247	0.445444	0.233309	Root
170	0.474341	0.317414	0.208245	Root
171	0.487024	0.343891	0.169084	Root
172	0.0288594	0.495714	0.475426	Root
173	0.345536	0.374426	0.280038	Root
174	0.574732	0.247668	0.1776	Root
175	0.367871	0.288492	0.343637	Root
176	0.111374	0.735804	0.152822	Root
177	0.524328	0.308979	0.166693	Root
178	0.0554705	0.514478	0.430052	Root
179	0.187293	0.74685	0.0658571	Root
180	0.316828	0.398995	0.284177	Root
181	0.498489	0.343411	0.1581	Root
182	0.406178	0.399022	0.1948	Root
183	0.448193	0.31971	0.232097	Root
184	0.280667	0.426076	0.293257	Root
185	0.518227	0.178491	0.303281	Root
186	0.289472	0.573991	0.136536	Root
187	0.371775	0.377422	0.250803	Root
188	0.389502	0.336621	0.273877	Root
189	0.33919	0.452013	0.208797	Root
190	0.329401	0.253696	0.416902	Root
191	0.288775	0.504446	0.206779	Root
192	0.521332	0.303054	0.175614	Root
193	0.382918	0.293761	0.323321	Root
194	0.377135	0.395309	0.227555	Root
195	0.331897	0.398776	0.269327	Root
196	0.111934	0.56764	0.320426	Root
197	0.259441	0.420252	0.320306	Root
198	0.37403	0.353687	0.272283	Root
199	0.186926	0.560991	0.252084	Root
200	0.504	0.226132	0.269868	Root
201	0.158692	0.437599	0.403709	Root
202	0.42287	0.253793	0.323337	Root
203	0.693873	0.0891703	0.216957	Root
204	0.403278	0.3874	0.209323	Root
205	0.339494	0.47114	0.189366	Root
206	0.174182	0.592104	0.233714	Root
207	0.752192	0.128614	0.119194	Root
208	0.589637	0.28498	0.125383	Root
209	0.145158	0.016713	0.838129	Root
210	0.427478	0.294655	0.277867	Root
211	0.347439	0.179064	0.473497	Root
212	0.528167	0.271054	0.20078	Root
213	0.391672	0.38143	0.226897	Root
214	0.986839	0.00709263	0.00606812	Root
215	0.389591	0.413764	0.196645	Root
216	0.442145	0.280608	0.277247	Root
217	0.349587	0.38984	0.260573	Root
218	0.386352	0.314831	0.298817	Root
219	0.55609	0.377407	0.0665027	Root
220	0.550132	0.00142798	0.44844	Root
221	0.361759	0.373667	0.264573	Root
222	0.359834	0.296319	0.343846	Root
223	0.381694	0.284206	0.334099	Root
224	0.541536	0.118594	0.33987	Root
225	0.381731	0.131913	0.486357	Root
226	0.249388	0.472471	0.278141	Root
227	0.294161	0.40732	0.298519	Root
228	0.302044	0.413538	0.284417	Root
229	0.000123625	0.565543	0.434333	Root
230	0.0687853	0.568676	0.362538	Root
231	0.314803	0.363106	0.322091	Root
232	0.0668729	0.616616	0.316511	Root
233	0.509515	0.342814	0.147671	Root
234	0.964309	0.00871459	0.0269767	Root
235	0.327779	0.430335	0.241885	Root
236	0.331003	0.475055	0.193942	Root
237	0.422572	0.325005	0.252423	Root
238	0.308958	0.518808	0.172234	Root
239	0.353113	0.387212	0.259675	Root
240	0.00414257	0.506082	0.489776	Root
241	0.0737731	0.865249	0.0609774	Root
242	0.732491	0.218538	0.048971	Root
243	0.38917	0.30336	0.30747	Root
244	0.32873	0.335108	0.336162	Root
245	0.179641	0.508006	0.312352	Root
246	0.237775	0.50649	0.255735	Root
247	0.459824	0.216084	0.324092	Root
248	0.477804	0.371914	0.150282	Root
249	0.28312	0.342276	0.374603	Root
250	0.419212	0.402425	0.178363	Root
251	0.582142	0.202962	0.214896	Root
252	0.92623	0.0593651	0.014405	Root
253	0.0306918	0.673938	0.29537	Root
254	0.562814	0.311232	0.125954	Root
255	0.756398	0.137938	0.105663	Root
256	0.237271	0.286694	0.476035	Root
257	0.466814	0.283604	0.249582	Root
258	0.422188	0.39357	0.184242	Root
259	0.360745	0.385919	0.253336	Root
260	0.35125	0.390819	0.257931	Root
261	0.297425	0.506144	0.196431	Root
262	0.965639	0.00454438	0.0298168	Root
263	0.283703	0.471298	0.244999	Root
264	0.363156	0.443574	0.193271	Root
265	0.315833	0.382628	0.301539	Root
266	0.390326	0.417731	0.191943	Root
267	0.37889	0.335	0.28611	Root
268	0.447695	0.304018	0.248287	Root
269	0.500679	0.223515	0.275806	Root
270	0.234177	0.360529	0.405294	Root
271	0.432162	0.331891	0.235947	Root
272	0.441167	0.326272	0.232561	Root
273	0.179316	0.583346	0.237337	Root
274	0.364605	0.399132	0.236263	Root
275	0.248886	0.476152	0.274962	Root
276	0.2327	0.420581	0.346718	Root
277	0.219272	0.620822	0.159907	Root
278	0.216775	0.414146	0.369079	Root
279	0.397195	0.359751	0.243055	Root
280	0.363337	0.320773	0.315891	Root
281	0.32155	0.562621	0.11583	Root
282	0.402051	0.46464	0.133309	Root
283	0.314331	0.470704	0.214965	Root
284	0.300653	0.499358	0.199989	Root
285	0.396141	0.353715	0.250144	Root
286	0.43773	0.325041	0.237229	Root
287	0.308116	0.411104	0.28078	Root
288	0.449037	0.406421	0.144542	Root
289	0.273443	0.547176	0.179381	Root
290	0.367209	0.335292	0.297499	Root
291	0.487097	0.502907	0.00999631	Root
292	0.295039	0.242442	0.462519	Root
293	0.313355	0.470809	0.215836	Root
294	0.312206	0.344654	0.343141	Root
295	0.330296	0.340974	0.32873	Root
296	0.115811	0.507591	0.376597	Root
297	0.270368	0.505833	0.223799	Root
298	0.361512	0.328223	0.310265	Root
299	0.309185	0.480229	0.210586	Root
300	0.395524	0.336332	0.268144	Root
301	0.305051	0.400293	0.294656	Root
302	0.379454	0.299411	0.321135	Root
303	0.850607	0.0067797	0.142614	Root
304	0.439425	0.383146	0.17743	Root
305	0.27277	0.487148	0.240081	Root
306	0.328403	0.441231	0.230366	Root
307	0.624554	0.228906	0.14654	Root
308	0.259397	0.520133	0.22047	Root
309	0.23786	0.498716	0.263424	Root
310	0.444987	0.238636	0.316377	Root
311	0.328084	0.37688	0.295036	Root
312	0.504005	0.352325	0.14367	Root
313	0.599558	0.252977	0.147465	Root
314	0.29045	0.534727	0.174823	Root
315	0.256971	0.667784	0.0752454	Root
316	0.364114	0.324971	0.310915	Root
317	0.375573	0.21257	0.411857	Root
318	0.346338	0.363228	0.290434	Root
319	0.336681	0.357287	0.306032	Root
320	0.346322	0.394287	0.25939	Root
321	0.218619	0.574066	0.207314	Root
322	0.94246	0.0360095	0.0215306	Root
323	0.0165743	0.582181	0.401244	Root
324	0.466129	0.191947	0.341924	Root
325	0.194223	0.681866	0.12391	Root
326	0.39299	0.354687	0.252323	Root
327	0.518759	0.32052	0.160721	Root
328	0.38804	0.361574	0.250386	Root
329	0.332481	0.499355	0.168165	Root
330	0.577004	0.0822506	0.340745	Root
331	0.439781	0.404516	0.155704	Root
332	0.367187	0.451204	0.181608	Root
333	0.462822	0.246965	0.290212	Root
334	0.647733	0.111658	0.240609	Root
335	0.579308	0.197539	0.223153	Root
336	0.451372	0.140509	0.408119	Root
337	0.299946	0.218563	0.481492	Root
338	0.435605	0.247569	0.316826	Root
339	0.319669	0.352105	0.328226	Root
340	0.425811	0.268613	0.305576	Root
341	0.20404	0.384873	0.411088	Root
342	0.394187	0.239995	0.365818	Root
343	0.431346	0.118992	0.449661	Root
344	0.479942	0.250645	0.269413	Root
345	0.29534	0.355591	0.349069	Root
346	0.602572	0.177822	0.219607	Root
347	0.521206	0.252444	0.22635	Root
348	0.260596	0.407325	0.332079	Root
349	0.445514	0.299857	0.25463	Root
350	0.563363	0.212916	0.223721	Root
351	0.350833	0.221348	0.427819	Root
352	0.318025	0.353376	0.328599	Root
353	0.206576	0.00677904	0.786645	Root
354	0.380393	0.350809	0.268798	Root
355	0.365144	0.246453	0.388402	Root
356	0.307267	0.133857	0.558876	Root
357	0.272832	0.299134	0.428034	Root
358	0.281902	0.299688	0.41841	Root
359	0.290995	0.310141	0.398864	Root
360	0.368571	0.23007	0.40136	Root
361	0.417354	0.261094	0.321552	Root
362	0.594492	0.358167	0.0473413	Root
363	0.66792	0.0211503	0.31093	Root
364	0.128	0.189512	0.682488	Root
365	0.323842	0.192552	0.483606	Root
366	0.420126	0.206455	0.373419	Root
367	0.346026	0.314054	0.33992	Root
368	0.333634	0.132767	0.533599	Root
369	0.317076	0.319094	0.36383	Root
370	0.215352	0.140499	0.644149	Root
371	0.378821	0.239214	0.381965	Root
372	0.311359	0.339565	0.349076	Root
373	0.323323	0.243033	0.433644	Root
374	0.366428	0.269163	0.364409	Root
375	0.186935	0.504914	0.308151	Root
376	0.531659	0.215722	0.252619	Root
377	0.41931	0.246421	0.33427	Root
378	0.315675	0.251142	0.433183	Root
379	0.224355	0.329918	0.445727	Root
380	0.324958	0.278237	0.396806	Root
381	0.610143	0.346398	0.0434588	Root
382	0.307607	0.29146	0.400932	Root
383	0.332112	0.261236	0.406652	Root
384	0.369739	0.250256	0.380005	Root
385	0.295246	0.365886	0.338868	Root
386	0.259983	0.25852	0.481497	Root
387	0.271915	0.307737	0.420347	Root
388	0.327114	0.384259	0.288628	Root
389	0.264852	0.317627	0.417521	Root
390	0.434465	0.372783	0.192751	Root
391	0.438237	0.270743	0.29102	Root
392	0.994059	0.000359985	0.00558057	Root
393	0.290269	0.235994	0.473738	Root
394	0.360713	0.288675	0.350612	Root
395	0.182209	0.351006	0.466785	Root
396	0.325952	0.403795	0.270253	Root
397	0.32544	0.327463	0.347097	Root
398	0.40419	0.231021	0.364789	Root
399	0.348189	0.29646	0.355351	Root
400	0.385874	0.285031	0.329095	Root
401	0.448262	0.347188	0.20455	Root
402	0.330425	0.339537	0.330038	Root
403	0.218472	0.149583	0.631945	Root
404	0.351076	0.313353	0.335571	Root
405	0.266083	0.346055	0.387862	Root
406	0.251361	0.350453	0.398186	Root
407	0.318494	0.385571	0.295935	Root
408	0.273707	0.477032	0.249261	Root
409	0.261507	0.33976	0.398733	Root
410	0.369772	0.345648	0.28458	Root
411	0.351621	0.389167	0.259212	Root
412	0.198019	0.342242	0.45974	Root
413	0.575037	0.00159269	0.42337	Root
414	0.0806923	0.385499	0.533809	Root
415	0.30921	0.368729	0.32206	Root
416	0.376178	0.0496454	0.574176	Root
417	0.395596	0.432128	0.172276	Root
418	0.455219	0.544781	0	Root
419	0.23223	0.526568	0.241202	Root
420	0.292714	0.37863	0.328655	Root
421	0.495668	0.305049	0.199283	Root
422	0.188703	0.249102	0.562195	Root
423	0.325695	0.307308	0.366997	Root
424	0.301404	0.403487	0.295109	Root
425	0.306355	0.28011	0.413536	Root
426	0.220118	0.37571	0.404172	Root
427	0.450787	0.211694	0.337519	Root
428	1	0	0	Root
429	0.275672	0.382862	0.341466	Root
430	0.290682	0.293469	0.415849	Root
431	0	0.393918	0.606082	Root
432	0.247318	0.409644	0.343038	Root
433	0.355275	0.320371	0.324354	Root
434	0.638936	0.352225	0.00883918	Root
435	0.592297	0.116774	0.290929	Root
436	0.618356	0.302842	0.0788022	Root
437	0.405499	0.322582	0.271919	Root
438	0.305813	0.352244	0.341943	Root
439	0.316981	0.222613	0.460406	Root
440	0.289527	0.429791	0.280682	Root
441	0.256908	0.400374	0.342718	Root
442	0.354207	0.644975	0.000818183	Root
443	0.197386	0.401344	0.40127	Root
444	0.334161	0.272033	0.393806	Root
445	0.239118	0.474823	0.286058	Root
446	0.289694	0.362728	0.347578	Root
447	0.989478	0	0.010522	Root
448	0.377032	0.321136	0.301831	Root
449	0.402832	0.252248	0.34492	Root
450	0.358785	0.34251	0.298704	Root
451	0.328098	0.372014	0.299889	Root
452	0.565623	0.434377	0	Root
453	0.445704	0.356351	0.197946	Root
454	0.531819	0.345437	0.122743	Root
455	0.334072	0.385017	0.280911	Root
456	0.344216	0.376718	0.279066	Root
457	0.45228	0.367797	0.179923	Root
458	0.296449	0.351695	0.351855	Root
459	0.423264	0.403439	0.173297	Root
460	0.763759	0.13088	0.105361	Root
461	0.220956	0.590372	0.188671	Root
462	0.363002	0.343471	0.293527	Root
463	0.343319	0.374888	0.281794	Root
464	0.292167	0.514018	0.193815	Root
465	0.339536	0.27997	0.380493	Root
466	0.382902	0.41321	0.203888	Root
467	0.487745	0.310505	0.20175	Root
468	0.316775	0.417824	0.265402	Root
469	0.360191	0.258849	0.380959	Root
470	0.442591	0.340832	0.216577	Root
471	0.423578	0.335952	0.24047	Root
472	0.279623	0.525512	0.194865	Root
473	0.41629	0.373963	0.209746	Root
474	0.650885	0.123443	0.225672	Root
475	0.388102	0.392366	0.219532	Root
476	0.466709	0.376049	0.157242	Root
477	0.242043	0.338212	0.419746	Root
478	0.296198	0.39453	0.309272	Root
479	0.259167	0.403355	0.337478	Root
480	0.433732	0.420988	0.145281	Root
481	0.479738	0.338984	0.181278	Root
482	0.398598	0.351093	0.250308	Root
483	0.309737	0.443075	0.247188	Root
484	0.169961	0.365728	0.464311	Root
485	0.574533	0.166545	0.258922	Root
486	0.338283	0.320539	0.341178	Root
487	0.783479	0.0718231	0.144698	Root
488	0.281834	0.263199	0.454967	Root
489	0.326111	0.333855	0.340034	Root
490	0.310797	0.283934	0.405269	Root
491	0.352948	0.363532	0.28352	Root
492	0.407765	0.254762	0.337473	Root
493	0.396039	0.43638	0.16758	Root
494	0.311857	0.374085	0.314058	Root
495	0.0289964	0.919518	0.0514852	Root
496	0.106372	0.594882	0.298746	Root
497	0.337152	0.400829	0.262019	Root
498	0.276044	0.376914	0.347042	Root
499	0.294991	0.298737	0.406271	Root
500	0.397744	0.294987	0.307269	Root
501	0.309866	0.318115	0.372019	Root
502	0.390234	0.307626	0.30214	Root
503	0.461943	0.3213	0.216756	Root
504	0.295564	0.306679	0.397757	Root
505	0.227917	0.236715	0.535368	Root
506	0.21533	0.426654	0.358017	Root
507	0.297371	0.366723	0.335906	Root
508	0.302128	0.250712	0.447161	Root
509	0.36803	0.297653	0.334317	Root
510	0.557965	0.133775	0.308261	Root
511	0.170445	0.346402	0.483153	Root
512	0.99112	0.0021946	0.00668514	Root
513	0.324177	0.366889	0.308935	Root
514	0.294661	0.417469	0.287869	Root
515	0.256511	0.459447	0.284042	Root
516	0.306277	0.407835	0.285888	Root
517	0.41472	0.218176	0.367105	Root
518	0.445124	0.332089	0.222787	Root
519	0.453057	0.34508	0.201863	Root
520	0.294212	0.420115	0.285673	Root
521	0.358965	0.343658	0.297377	Root
522	0.335921	0.327468	0.336611	Root
523	0.447134	0.33771	0.215156	Root
524	0.365021	0.278628	0.356351	Root
525	0.311056	0.410055	0.278888	Root
526	0.384357	0.417382	0.198261	Root
527	0.250829	0.40888	0.340291	Root
528	0.248878	0.382416	0.368706	Root
529	0.320707	0.402964	0.276329	Root
530	0.325408	0.37408	0.300512	Root
531	0.169598	0.424867	0.405535	Root
532	0.167733	0.247792	0.584475	Root
533	0.296921	0.523841	0.179238	Root
534	0.352972	0.471102	0.175926	Root
535	0.401429	0.425985	0.172587	Root
536	0.298205	0.402022	0.299774	Root
537	0.411878	0.489728	0.0983941	Root
538	0.548966	0.165509	0.285525	Root
539	0.556469	0.272919	0.170613	Root
540	0.417878	0.354977	0.227146	Root
541	0.421096	0.385866	0.193038	Root
542	0.554224	0.216634	0.229141	Root
543	0.578358	0.248298	0.173343	Root
544	0.387401	0.353749	0.258849	Root
545	0.425352	0.428978	0.14567	Root
546	0.366499	0.439002	0.1945	Root
547	0.353822	0.317124	0.329054	Root
548	0.109166	0.586552	0.304282	Root
549	0.104317	0.566242	0.329441	Root
550	0.270919	0.615306	0.113776	Root
551	0.411982	0.367575	0.220443	Root
552	0.40229	0.381683	0.216026	Root
553	0.654583	0.202252	0.143165	Root
554	0.449921	0.308089	0.24199	Root
555	0.302142	0.509678	0.188181	Root
556	0.371443	0.367725	0.260832	Root
557	0.620233	0.223467	0.1563	Root
558	0.393644	0.263591	0.342764	Root
559	0.266278	0.432777	0.300945	Root
560	0.399322	0.304641	0.296037	Root
561	0.29055	0.320362	0.389088	Root
562	0.431333	0.568667	0	Root
563	0.338528	0.410248	0.251224	Root
564	0.362337	0.260359	0.377303	Root
565	0.368975	0.415925	0.2151	Root
566	0.398887	0.340371	0.260742	Root
567	0.256993	0.450848	0.292159	Root
568	0.320203	0.446856	0.232941	Root
569	0.302831	0.516425	0.180744	Root
570	0.190528	0.583647	0.225825	Root
571	0.363855	0.360236	0.275908	Root
572	0.366262	0.279703	0.354036	Root
573	0.462118	0.372917	0.164965	Root
574	0.104276	0.21502	0.680704	Root
575	0.461722	0.292074	0.246204	Root
576	0.354205	0.31443	0.331365	Root
577	0.346931	0.503689	0.14938	Root
578	0.309015	0.472778	0.218207	Root
579	0.281155	0.302806	0.416039	Root
580	0.698781	0.26836	0.0328589	Root
581	0.426476	0.412622	0.160903	Root
582	0.278897	0.425005	0.296098	Root
583	0.420433	0.208634	0.370933	Root
584	0.322627	0.296742	0.380631	Root
585	0.372244	0.249247	0.37851	Root
586	0.406708	0.387943	0.205349	Root
587	0.33228	0.385278	0.282442	Root
588	0.30445	0.300812	0.394738	Root
589	0.42789	0.395834	0.176277	Root
590	0.312809	0.177209	0.509982	Root
591	0.330526	0.376676	0.292797	Root
592	0.660973	0.249886	0.0891408	Root
593	0.410451	0.27349	0.31606	Root
594	0.312208	0.330928	0.356864	Root
595	1	0	0	Root
596	0.401156	0.390167	0.208677	Root
597	0.243114	0.498004	0.258882	Root
598	0.292677	0.384324	0.322999	Root
599	0.262052	0.400555	0.337394	Root
600	0.269921	0.46876	0.261319	Root
601	0.22887	0.446017	0.325113	Root
602	0.354704	0.444098	0.201198	Root
603	0.330122	0.27318	0.396698	Root
604	0.308667	0.366677	0.324656	Root
605	0.294334	0.36606	0.339606	Root
606	0.271254	0.335277	0.393469	Root
607	0.434639	0.112377	0.452984	Root
608	0.581888	0.131239	0.286873	Root
609	0.362318	0.185928	0.451754	Root
610	0.255965	0.329425	0.41461	Root
611	0.335256	0.311196	0.353548	Root
612	0.312084	0.413646	0.27427	Root
613	0.19241	0.116954	0.690636	Root
614	0.359032	0.312647	0.328321	Root
615	0.197807	0.300316	0.501876	Root
616	0.366421	0.115089	0.51849	Root
617	0.237595	0.362978	0.399427	Root
618	0.385763	0.264954	0.349283	Root
619	0.153211	0.621169	0.22562	Root
620	0.406086	0.320708	0.273206	Root
621	0.335007	0.395135	0.269858	Root
622	0.223602	0.312346	0.464051	Root
623	0.142951	0.301493	0.555556	Root
624	0.24895	0.420097	0.330953	Root
625	0.0612536	0.309386	0.629361	Root
626	0.34606	0.299026	0.354914	Root
627	0.307481	0.103131	0.589387	Root
628	0.301326	0.348094	0.35058	Root
629	0.31478	0.311574	0.373647	Root
630	0.361505	0.339822	0.298673	Root
631	0.41069	0.375618	0.213692	Root
632	0.384874	0.266621	0.348505	Root
633	0.271445	0.372269	0.356286	Root
634	0.286419	0.441066	0.272515	Root
635	0.317911	0.297863	0.384226	Root
636	0.313738	0.29159	0.394672	Root
637	0.298751	0.331644	0.369606	Root
638	0.31765	0.264692	0.417658	Root
639	0.494509	0.505491	0	Root
640	0.293278	0.234326	0.472397	Root
641	0.395527	0.267397	0.337076	Root
642	0.285591	0.305217	0.409192	Root
643	0.331629	0.192842	0.475529	Root
644	0.33733	0.270862	0.391809	Root
645	0.319248	0.363259	0.317493	Root
646	0.307249	0.369832	0.32292	Root
647	0.268609	0.408273	0.323118	Root
648	0.326705	0.325268	0.348027	Root
649	0.282116	0.360862	0.357023	Root
650	0.177786	0.457075	0.36514	Root
651	0.699497	0.0703187	0.230184	Root
652	0.2926	0.347438	0.359962	Root
653	0.139502	0.426287	0.434211	Root
654	0.145871	0.414441	0.439688	Root
655	0.379215	0.204544	0.416241	Root
656	0.27153	0.40359	0.324881	Root
657	0.58765	0.285016	0.127334	Root
658	0.328134	0.340939	0.330927	Root
659	0.313082	0.301918	0.385001	Root
660	0.360676	0.366299	0.273024	Root
661	0.170884	0.540079	0.289037	Root
662	0.295885	0.335179	0.368936	Root
663	0.173821	0.418345	0.407835	Root
664	0.397068	0.238101	0.364831	Root
665	0.310385	0.433073	0.256542	Root
666	0.369792	0.213643	0.416565	Root
667	0.363118	0.285997	0.350885	Root
668	0.300227	0.410091	0.289681	Root
669	0.224562	0.354409	0.421029	Root
670	0.391076	0.19087	0.418055	Root
671	0.0131772	0.375533	0.61129	Root
672	0.579656	0	0.420344	Root
673	0.989139	0	0.0108615	Root
674	0.0740222	0.305635	0.620343	Root
675	0.126234	0.270728	0.603038	Root
676	0.321916	0.269544	0.40854	Root
677	0.311278	0.333175	0.355548	Root
678	0.373791	0.295057	0.331152	Root
679	0.457079	0.440703	0.102218	Root
680	0.443461	0.295048	0.261491	Root
681	0.366101	0.45657	0.177329	Root
682	0.297811	0.364667	0.337522	Root
683	0.313452	0.315715	0.370833	Root
684	0.334401	0.342272	0.323327	Root
685	0.679906	0	0.320094	Root
686	0.133703	0.188747	0.67755	Root
687	0.311448	0.340456	0.348096	Root
688	0.505609	0.494391	0	Root
689	0.435559	0.221995	0.342446	Root
690	0.227748	0.351574	0.420678	Root
691	0.239257	0.421047	0.339697	Root
692	0.299367	0.424229	0.276404	Root
693	0.31918	0.336348	0.344472	Root
694	0.261828	0.377152	0.361021	Root
695	0.312204	0.3524	0.335397	Root
696	0.324366	0.350235	0.325399	Root
697	0.10235	0.469776	0.427874	Root
698	0.00502889	0.0192706	0.9757	Root
699	0.295006	0.337373	0.367621	Root
700	0.262254	0.421167	0.316579	Root
701	0.0860624	0.744079	0.169858	Root
702	0.0416852	0.848336	0.109979	Root
703	0.389494	0.34967	0.260835	Root
704	0.242606	0.40807	0.349324	Root
705	0.256137	0.382111	0.361752	Root
706	0.286206	0.37816	0.335634	Root
707	0.319304	0.317492	0.363204	Root
708	0.396152	0.286994	0.316854	Root
709	0.347328	0.322147	0.330526	Root
710	0.0959219	0.516429	0.387649	Root
711	0.33633	0.339823	0.323847	Root
712	0.4164	0.5323	0.0513002	Root
713	0.386916	0.335702	0.277383	Root
714	0.066547	0.00663795	0.926815	Root
715	0.251915	0.425229	0.322855	Root
716	0.330602	0.302782	0.366616	Root
717	0.314434	0.172768	0.512798	Root
718	0.159786	0.459124	0.38109	Root
719	0.385153	0.332598	0.282248	Root
720	0.262936	0.467115	0.269949	Root
721	0.287668	0.29984	0.412492	Root
722	0.226327	0.377354	0.39632	Root
723	0.399843	0.430571	0.169587	Root
724	0.170018	0.284419	0.545563	Root
725	0.261641	0.310116	0.428243	Root
726	0.269513	0.404367	0.32612	Root
727	0.197143	0.326672	0.476185	Root
728	0.322851	0.178972	0.498177	Root
729	0.696321	0.165274	0.138405	Root
730	0.350367	0.324854	0.324778	Root
731	0.253492	0.34437	0.402138	Root
732	0.37314	0.352582	0.274278	Root
733	0.369344	0.346387	0.284269	Root
734	0.31551	0.250554	0.433936	Root
735	0.384882	0.354586	0.260532	Root
736	0.11006	0.244688	0.645252	Root
737	0.507187	0.240783	0.25203	Root
738	0.465944	0.3702	0.163856	Root
739	0.34581	0.377224	0.276966	Root
740	0.49229	0.134873	0.372837	Root
741	0.316159	0.294157	0.389684	Root
742	0.312195	0.231395	0.45641	Root
743	0.210059	0.287958	0.501983	Root
744	0.329962	0.322533	0.347505	Root
745	0.907004	0.0287632	0.064233	Root
746	0.326747	0.31873	0.354522	Root
747	0.276491	0.397533	0.325976	Root
748	0.300146	0.322712	0.377142	Root
749	0.372151	0.339041	0.288807	Root
750	0.225543	0.420535	0.353921	Root
751	0.26597	0.58753	0.146501	Root
752	0.363146	0.39701	0.239844	Root
753	0.403737	0.159312	0.436951	Root
754	0.35153	0.217548	0.430922	Root
755	0.276363	0.244609	0.479027	Root
756	0.311389	0.255248	0.433363	Root
757	0.18898	0.560493	0.250527	Root
758	0.163371	0.366288	0.470341	Root
759	0.335828	0.317	0.347172	Root
760	0.330478	0.292369	0.377153	Root
761	0.675001	0.0889848	0.236014	Root
762	0.284763	0.287144	0.428093	Root
763	0.233815	0.342187	0.423998	Root
764	0.248078	0.281224	0.470697	Root
765	0.425856	0.279307	0.294837	Root
766	0.313276	0.326789	0.359934	Root
767	0.347856	0.282123	0.370021	Root
768	0.294736	0.284751	0.420513	Root
769	0.487817	0.290273	0.221911	Root
770	0.547993	0.059746	0.392261	Root
771	0.168653	0.0723754	0.758972	Root
772	0.374324	0.404846	0.220831	Root
773	0.265743	0.283105	0.451152	Root
774	0.268273	0.398645	0.333082	Root
775	0.327928	0.305469	0.366603	Root
776	0.305141	0.367222	0.327636	Root
777	0.387619	0.33243	0.279951	Root
778	0.479408	0.258916	0.261676	Root
779	0.369173	0.307751	0.323076	Root
780	0.226844	0.424475	0.34868	Root
781	0.303014	0.376502	0.320483	Root
782	0.0219683	0.060481	0.917551	Root
783	0.365757	0.466636	0.167607	Root
784	0.310785	0.352581	0.336634	Root
785	0.258605	0.565462	0.175932	Root
786	0.299925	0.372405	0.327669	Root
787	0.29025	0.28289	0.42686	Root
788	0.348876	0.260231	0.390894	Root
789	0.247061	0.405131	0.347808	Root
790	0.882571	0.0745855	0.042843	Root
791	0.0230012	0.474677	0.502322	Root
792	0.22365	0.271375	0.504974	Root
793	0.492521	0.329436	0.178042	Root
794	0.215366	0.487925	0.296709	Root
795	0.427491	0.426426	0.146084	Root
796	0.284839	0.358779	0.356383	Root
797	0.379268	0.359932	0.260801	Root
798	0.381253	0.232307	0.38644	Root
799	0.449321	0.297603	0.253077	Root
800	0.432411	0.287031	0.280558	Root
801	0.147957	0.255769	0.596274	Root
802	0.39928	0.238871	0.361849	Root
803	0.385892	0.3311	0.283008	Root
804	0.205955	0.58828	0.205765	Root
805	0.411914	0.256855	0.33123	Root
806	0.387356	0.313858	0.298786	Root
807	0.168726	0.58931	0.241963	Root
808	0.860937	0.0239967	0.115067	Root
809	0.149276	0.389835	0.460889	Root
810	0.48846	0.280664	0.230876	Root
811	0.368777	0.269545	0.361678	Root
812	0.280878	0.376454	0.342667	Root
813	0.374247	0.341248	0.284505	Root
814	0.572819	0.279787	0.147394	Root
815	0.331194	0.360649	0.308156	Root
816	0.283614	0.324486	0.3919	Root
817	0.487043	0.295058	0.217899	Root
818	0.335341	0.287292	0.377367	Root
819	0.357356	0.283937	0.358707	Root
820	0.133724	0.722093	0.144183	Root
821	0.260544	0.204712	0.534743	Root
822	0.367773	0.298515	0.333711	Root
823	0.438264	0.261718	0.300018	Root
824	0.25023	0.187326	0.562444	Root
825	0.308618	0.474181	0.2172	Root
826	0.882364	0.0798915	0.0377443	Root
827	0.313001	0.335815	0.351184	Root
828	0.328879	0.401568	0.269554	Root
829	0.0119305	0.57788	0.41019	Root
830	0.649058	0.179561	0.171381	Root
831	0.292923	0.32417	0.382907	Root
832	0.463864	0.478719	0.057417	Root
833	0.257379	0.426689	0.315932	Root
834	0.311765	0.378187	0.310048	Root
835	0.99983	0.000170169	0	Root
836	0.351034	0.299612	0.349354	Root
837	0.305035	0.293736	0.40123	Root
838	0.324329	0.50157	0.174101	Root
839	0.783618	0.10113	0.115252	Root
840	0.343211	0.31395	0.34284	Root
841	0.352246	0.372248	0.275506	Root
842	0.350579	0.28429	0.365131	Root
843	0.433759	0.334586	0.231655	Root
844	0.264002	0.409843	0.326154	Root
845	0.357031	0.403938	0.239031	Root
846	0.301228	0.358742	0.34003	Root
847	0.293581	0.337912	0.368507	Root
848	0.297046	0.373376	0.329578	Root
849	0.390952	0.345404	0.263644	Root
850	0.415784	0.475377	0.108839	Root
851	0.250979	0.469978	0.279043	Root
852	0.301039	0.411291	0.28767	Root
853	0.345528	0.383861	0.270611	Root
854	0.275919	0.389478	0.334602	Root
855	0.312452	0.577412	0.110136	Root
856	0.29467	0.474946	0.230384	Root
857	0.297574	0.240172	0.462254	Root
858	0.263017	0.376356	0.360627	Root
859	0.311264	0.322791	0.365946	Root
860	0.242573	0.382655	0.374772	Root
861	0.384596	0.204854	0.41055	Root
862	0.261962	0.361743	0.376295	Root
863	0.378837	0.369581	0.251583	Root
864	0.291035	0.404966	0.303999	Root
865	0.309242	0.341862	0.348896	Root
866	0.260529	0.451853	0.287618	Root
867	0.274246	0.307427	0.418327	Root
868	0.274021	0.312936	0.413044	Root
869	0.377086	0.331338	0.291577	Root
870	0.319655	0.341558	0.338787	Root
871	0.187036	0.467376	0.345588	Root
872	0.494569	0.321358	0.184074	Root
873	0.308404	0.558684	0.132911	Root
874	0.26153	0.295744	0.442725	Root
875	0.337039	0.333175	0.329786	Root
876	0.331447	0.306455	0.362098	Root
877	0.318378	0.115875	0.565746	Root
878	0.352848	0.368345	0.278807	Root
879	0.167396	0.282862	0.549742	Root
880	0.303775	0.317229	0.378996	Root
881	0.285417	0.371266	0.343317	Root
882	0.258934	0.294335	0.446731	Root
883	0.0543981	0.699543	0.246058	Root
884	0.28159	0.35606	0.36235	Root
885	0.301854	0.329459	0.368687	Root
886	0.408067	0.452953	0.138979	Root
887	0.275576	0.370826	0.353598	Root
888	0.399883	0.288647	0.31147	Root
889	0.501027	0.253768	0.245205	Root
890	0.363433	0.280009	0.356557	Root
891	0.454603	0.221034	0.324363	Root
892	0.234882	0.375687	0.389432	Root
893	0.310929	0.349172	0.339899	Root
894	0.403494	0.272846	0.32366	Root
895	0.488119	0.475945	0.0359351	Root
896	0.0960767	0.620851	0.283072	Root
897	0.403962	0.280409	0.31563	Root
898	0.202693	0.104961	0.692346	Root
899	0.0650366	0.487921	0.447042	Root
900	0.197602	0.352579	0.449819	Root
901	0.305778	0.250936	0.443285	Root
902	0.388416	0.352728	0.258856	Root
903	0.341372	0.295675	0.362952	Root
904	0.339029	0.344753	0.316218	Root
905	0.268632	0.275324	0.456044	Root
906	0.319439	0.270841	0.40972	Root
907	0.519944	0.283748	0.196308	Root
908	0.319126	0.28545	0.395424	Root
909	0.726175	0.196815	0.0770098	Root
910	0.360593	0.261293	0.378114	Root
911	0.349298	0.270598	0.380105	Root
912	0.456396	0.216347	0.327257	Root
913	0.221055	0.342039	0.436906	Root
914	0.312287	0.135225	0.552488	Root
915	0.178446	0.521829	0.299724	Root
916	0.339152	0.295085	0.365763	Root
917	0.300204	0.589288	0.110508	Root
918	0.349002	0.403704	0.247294	Root
919	0.368917	0.297644	0.333438	Root
920	0.182474	0.370085	0.447441	Root
921	0.193893	0.349872	0.456235	Root
922	0.306951	0.40251	0.290539	Root
923	0.399588	0.329713	0.270699	Root
924	0.213842	0.395832	0.390325	Root
925	0.495421	0.334347	0.170232	Root
926	0.305704	0.487385	0.206911	Root
927	0.330125	0.36759	0.302285	Root
928	0.333521	0.452306	0.214174	Root
929	0.200846	0.372127	0.427027	Root
930	0.463663	0.258609	0.277728	Root
931	0.352256	0.227958	0.419786	Root
932	0.319819	0.385444	0.294737	Root
933	0.295471	0.180366	0.524163	Root
934	0.2395	0.499392	0.261108	Root
935	0.427532	0.375594	0.196874	Root
936	0.244107	0.314242	0.441652	Root
937	0.292119	0.563453	0.144428	Root
938	0.42827	0.294699	0.277031	Root
939	0.27609	0.480524	0.243385	Root
940	0.421569	0.202815	0.375615	Root
941	0.119126	0.625707	0.255167	Root
942	0.150203	0.278511	0.571286	Root
943	0.319449	0.487845	0.192706	Root
944	0.150163	0.416861	0.432976	Root
945	0.318572	0.13767	0.543758	Root
946	0.298397	0.328963	0.37264	Root
947	0.309232	0.237533	0.453235	Root
948	0.51361	0.250455	0.235935	Root
949	0.301751	0.405014	0.293234	Root
950	0.343041	0.305403	0.351556	Root
951	0.200575	0.416046	0.383379	Root
952	0.21768	0.389573	0.392747	Root
953	0.201213	0.450911	0.347876	Root
954	0.142322	0.427341	0.430337	Root
955	0.336408	0.318499	0.345093	Root
956	0.145064	0.425307	0.429629	Root
957	0.264075	0.372857	0.363068	Root
958	0.243818	0.401091	0.355091	Root
959	0.265624	0.399312	0.335064	Root
960	0.263406	0.344506	0.392088	Root
961	0.267812	0.282905	0.449283	Root
962	0.268074	0.379876	0.35205	Root
963	0.320821	0.393343	0.285836	Root
964	0.296672	0.352821	0.350507	Root
965	0.248667	0.333064	0.418269	Root
966	0.296906	0.455907	0.247186	Root
967	0.147512	0.325736	0.526752	Root
968	0.26747	0.255988	0.476543	Root
969	0.425243	0.0329148	0.541842	Root
970	0.27797	0.360023	0.362007	Root
971	0.330282	0.238379	0.431339	Root
972	0.305667	0.330443	0.36389	Root
973	0.34022	0.360319	0.299461	Root
974	0.304036	0.314736	0.381228	Root
975	0.2668	0.346685	0.386515	Root
976	0.192781	0.475631	0.331587	Root
977	0.321072	0.265291	0.413637	Root
978	0.337269	0.318519	0.344211	Root
979	0.377257	0.348796	0.273947	Root
980	0.34558	0.343168	0.311252	Root
981	0.371628	0.412733	0.215639	Root
982	0.271313	0.258286	0.4704	Root
983	0.170399	0.353938	0.475664	Root
984	0.143178	0.261843	0.594979	Root
985	0.433398	0.221519	0.345083	Root
986	0.309724	0.30716	0.383116	Root
987	0.328633	0.385426	0.285941	Root
988	0.708336	0.132791	0.158873	Root
989	0.586067	0.212495	0.201438	Root
990	0.329515	0.329089	0.341396	Root
991	0.289897	0.457927	0.252176	Root
992	0.261276	0.434432	0.304292	Root
993	0.34858	0.38075	0.270671	Root
994	0.23486	0.432288	0.332852	Root
995	0.293194	0.350509	0.356298	Root
996	0.250392	0.366486	0.383122	Root
997	0.338235	0.495533	0.166232	Root
998	0.322087	0.340058	0.337855	Root
999	0.353452	0.334594	0.311954	Root
1000	0.331706	0.342562	0.325732	Root
1001	0.371234	0.373563	0.255203	Root
1002	0.268121	0.260922	0.470957	Root
1003	0.316175	0.317993	0.365832	Root
1004	0.343528	0.325844	0.330628	Root
1005	0.184295	0.39403	0.421675	Root
1006	0.319626	0.300156	0.380218	Root
1007	0.301279	0.289615	0.409105	Root
1008	0.32162	0.331098	0.347282	Root
1009	0.218162	0.384241	0.397597	Root
1010	0.303305	0.339142	0.357552	Root
1011	0.356869	0.343039	0.300092	Root
1012	0.287006	0.412473	0.300521	Root
1013	0.353907	0.352427	0.293666	Root
1014	0.329366	0.454271	0.216363	Root
1015	0.447777	0.0824803	0.469742	Root
1016	0.402043	0.260812	0.337145	Root
1017	0.183647	0.489052	0.327301	Root
1018	0.13121	0.225858	0.642932	Root
1019	0.350423	0.340173	0.309404	Root
1020	0.311657	0.312993	0.37535	Root
1021	0.256027	0.439744	0.304229	Root
1022	0.0836419	0.465328	0.45103	Root
1023	0.530255	0.093736	0.376009	Root
1024	0.435048	0.256823	0.308128	Root
1025	0.451388	0.291117	0.257495	Root
1026	0.315151	0.344651	0.340198	Root
1027	0.149945	0.474107	0.375948	Root
1028	0.191754	0.331568	0.476678	Root
1029	0.303715	0.525619	0.170666	Root
1030	0.25346	0.346386	0.400153	Root
1031	0.20152	0.434681	0.363799	Root
1032	0.0101931	0.467534	0.522273	Root
1033	0.00395498	0.325129	0.670916	Root
1034	0.346633	0.314505	0.338862	Root
1035	0.371611	0.335072	0.293317	Root
1036	0.306216	0.342589	0.351195	Root
1037	0.0601742	0.446616	0.49321	Root
1038	0.268109	0.436909	0.294981	Root
1039	0.292503	0.341464	0.366033	Root
1040	0.270537	0.46649	0.262973	Root
1041	0.26924	0.392013	0.338747	Root
1042	0.374766	0.310007	0.315226	Root
1043	0.337003	0.377717	0.28528	Root
1044	0.226702	0.682608	0.0906895	Root
1045	0.313678	0.507979	0.178343	Root
1046	0.401499	0.237128	0.361373	Root
1047	0.276978	0.408095	0.314927	Root
1048	0.378302	0.33998	0.281719	Root
1049	0.301885	0.346103	0.352012	Root
1050	0.337522	0.427325	0.235153	Root
1051	0.381245	0.478338	0.140417	Root
1052	0.0517034	0.617631	0.330666	Root
1053	0.339932	0.297521	0.362546	Root
1054	0.315904	0.432008	0.252088	Root
1055	0.313798	0.369808	0.316394	Root
1056	0.295252	0.347906	0.356842	Root
1057	0.335569	0.324073	0.340357	Root
1058	0.234209	0.385017	0.380775	Root
1059	0.369771	0.221847	0.408382	Root
1060	0.266038	0.336843	0.397119	Root
1061	0.300197	0.378917	0.320886	Root
1062	0.331797	0.357088	0.311115	Root
1063	0.384481	0.495964	0.119555	Root
1064	0.438774	0.315686	0.24554	Root
1065	0.467002	0.286227	0.246771	Root
1066	0.458996	0.245743	0.295262	Root
1067	0.34968	0.314353	0.335967	Root
1068	0.223132	0.473934	0.302934	Root
1069	0.241097	0.420358	0.338545	Root
1070	0.130588	0.319059	0.550353	Root
1071	0.233194	0.238194	0.528612	Root
1072	0.346393	0.321967	0.33164	Root
1073	0.33989	0.328938	0.331172	Root
1074	0.493651	0.274035	0.232315	Root
1075	0.470475	0.237452	0.292073	Root
1076	0.0497876	0.892066	0.058146	Root
1077	0.300028	0.382631	0.317341	Root
1078	0.38615	0.0441221	0.569728	Root
1079	0.436084	0.294761	0.269154	Root
1080	0.31059	0.295873	0.393537	Root
1081	0.225841	0.641664	0.132495	Root
1082	0.107369	0.571029	0.321603	Root
1083	0.399105	0.401154	0.199741	Root
1084	0.27311	0.44444	0.282449	Root
1085	0.30696	0.456379	0.236661	Root
