Balance	0.33	0.33	0.33
H_dominance	1	0	0
St1_dominance	0	1	0
St2_dominance	0	0	1
H_suppressed	0	0.5	0.5
St1_suppressed	0.5	0	0.5
St2_suppressed	0.5	0.5	0
1	0.276063	0.492685	0.231251
2	0.371361	0.470091	0.158548
3	0.217095	0.430405	0.3525
4	0.194717	0.388209	0.417073
5	0.331816	0.291305	0.376879
6	0.428219	0.263028	0.308753
7	0.199476	0.436971	0.363552
8	0.334259	0.436992	0.228749
9	0.255396	0.478279	0.266325
10	0.451336	0.286464	0.2622
11	0.0485314	0.624383	0.327086
12	0	0.528432	0.471568
13	0.315765	0.247284	0.436951
14	0.379048	0.313777	0.307175
15	0.272136	0.341111	0.386753
16	0.246741	0.429887	0.323372
17	0.350034	0.371098	0.278869
18	0.521676	0.375842	0.102482
19	0.384801	0.317443	0.297756
20	0.337533	0.333558	0.328909
21	0.288003	0.381235	0.330762
22	0.342616	0.371566	0.285818
23	0.582243	0.417757	0
24	0.325694	0.330976	0.34333
25	0.254105	0.518457	0.227439
26	0.229884	0.554708	0.215409
27	0.369262	0.334065	0.296674
28	0.30363	0.477913	0.218457
29	0.349703	0.342998	0.307299
30	0.246097	0.424685	0.329218
31	0.156919	0.594394	0.248687
32	0.00176161	0.45156	0.546678
33	0.178565	0.820175	0.00125974
34	0.393682	0.411914	0.194404
35	0.437564	0.49647	0.0659653
36	0.0610207	0.575523	0.363456
37	0.946161	0.020464	0.0333752
38	0.216118	0.420562	0.363321
39	0.201726	0.51995	0.278323
40	0.453571	0.230074	0.316354
41	0.300469	0.358376	0.341154
42	0.574572	0.168344	0.257084
43	0.897624	0.081012	0.0213636
44	0.362031	0.423078	0.214891
45	0.456707	0.270671	0.272622
46	0.311069	0.310898	0.378033
47	0.0383292	0.589466	0.372205
48	0.602864	0.287004	0.110132
49	0.347736	0.317098	0.335166
50	0.313222	0.291751	0.395027
51	0.234548	0.380669	0.384783
52	0.332026	0.318018	0.349956
53	0.447949	0.260521	0.29153
54	0.386932	0.36788	0.245188
55	0.418736	0.247154	0.33411
56	0.509513	0.47766	0.0128272
57	0.133717	0.284195	0.582088
58	0.237401	0.388801	0.373798
59	0.442802	0.272926	0.284271
60	0.317364	0.0015887	0.681048
61	0.288292	0.401436	0.310272
62	0.339161	0.37801	0.282829
63	0.318253	0.498394	0.183354
64	0.756556	0.235533	0.00791119
65	0.226586	0.545999	0.227415
66	0.332806	0.38505	0.282144
67	0.480291	0.338547	0.181162
68	0.417444	0.259542	0.323013
69	0.247842	0.406846	0.345312
70	0.51922	0.386926	0.0938543
71	0.35259	0.335515	0.311895
72	0.491416	0.239109	0.269476
73	0.272055	0.470456	0.257489
74	0.21181	0.238682	0.549507
75	0.349033	0.452295	0.198671
76	0.347818	0.448014	0.204168
77	0.225931	0.759059	0.0150101
78	0.408918	0.387173	0.203909
79	0.00016268	0.517378	0.48246
80	0.998756	0.000878314	0.000366104
81	0.365532	0.38991	0.244558
82	0.331722	0.519791	0.148487
83	0.519496	0.252926	0.227578
84	0.00225071	0.630627	0.367122
85	0.365624	0.549294	0.0850818
86	0.263389	0.398045	0.338566
87	0.370072	0.324957	0.304971
88	0.275979	0.521227	0.202794
89	0.335498	0.542044	0.122458
90	0.398665	0.419516	0.18182
91	0.224921	0.366551	0.408528
92	0.200032	0.596596	0.203372
93	0.388313	0.399613	0.212074
94	0.387438	0.416235	0.196327
95	0.572968	0.414428	0.0126044
96	0.297781	0.481643	0.220576
97	0.355662	0.491628	0.15271
98	0.27212	0.474315	0.253565
99	0.331746	0.419398	0.248856
100	0.345121	0.320462	0.334417
101	0.412446	0.271095	0.31646
102	0.43166	0.272024	0.296316
103	0.333734	0.40452	0.261746
104	0.143931	0.4212	0.434869
105	0.320944	0.34695	0.332107
106	0.404844	0.309932	0.285223
107	0.255178	0.681543	0.0632789
108	0.168796	0.821503	0.00970123
109	0.300453	0.517063	0.182485
110	0.322469	0.388179	0.289352
111	0.400877	0.313825	0.285298
112	0.309522	0.429053	0.261425
113	0.855213	0.118666	0.0261206
114	0.392331	0.420266	0.187403
115	0.433145	0.324825	0.242029
116	0.387854	0.39299	0.219156
117	0.436568	0.247478	0.315954
118	0.384653	0.315289	0.300057
119	0.384924	0.365438	0.249638
120	0.0280901	0.881748	0.0901615
121	0.00195229	0.841555	0.156493
122	0.0935477	0.906452	0
123	0.23465	0.251491	0.513859
124	0.336173	0.469745	0.194082
125	0.519338	0.431829	0.0488334
126	0.429045	0.25924	0.311715
127	0.628231	0.285365	0.0864038
128	0.299948	0.410727	0.289325
129	0.567776	0.431729	0.000494474
130	0.381581	0.437718	0.180701
131	0.345963	0.511758	0.142279
132	0.339943	0.388062	0.271996
133	0.314333	0.47654	0.209127
134	0.353758	0.362412	0.28383
135	0.592092	0.24722	0.160688
136	0.414709	0.230396	0.354895
137	0.381811	0.304508	0.31368
138	0.391467	0.419637	0.188896
139	0.354737	0.444406	0.200858
140	0.0660252	0.446156	0.487818
141	0.392842	0.310435	0.296723
142	0.414718	0.391335	0.193947
143	0.330667	0.342515	0.326818
144	0.408677	0.4186	0.172723
145	0.69656	0.182146	0.121294
146	0.536457	0.18635	0.277192
147	0.629543	0.0660842	0.304373
148	0.337154	0.378233	0.284613
149	0.961785	0.0341497	0.00406511
150	0.356085	0.389714	0.254202
151	0.391067	0.364887	0.244046
152	0.274899	0.353253	0.371848
153	0.51352	0.299922	0.186558
154	0.377871	0.432351	0.189778
155	0.570377	0.385014	0.0446089
156	0.440523	0.424076	0.135401
157	0.688039	0.0683431	0.243618
158	0.332304	0.262614	0.405082
159	0.442833	0.261625	0.295542
160	0.387894	0.375144	0.236962
161	0.0524422	0.817976	0.129582
162	0.334074	0.416829	0.249097
163	0.386815	0.447378	0.165807
164	0.145551	0.67418	0.180269
165	0.822131	0.00507627	0.172792
166	0.418236	0.371148	0.210617
167	0.378516	0.298178	0.323306
168	0.434436	0.533066	0.0324975
169	0.321247	0.445444	0.233309
170	0.474341	0.317414	0.208245
171	0.487024	0.343891	0.169084
172	0.0288594	0.495714	0.475426
173	0.345536	0.374426	0.280038
174	0.574732	0.247668	0.1776
175	0.367871	0.288492	0.343637
176	0.111374	0.735804	0.152822
177	0.524328	0.308979	0.166693
178	0.0554705	0.514478	0.430052
179	0.187293	0.74685	0.0658571
180	0.316828	0.398995	0.284177
181	0.498489	0.343411	0.1581
182	0.406178	0.399022	0.1948
183	0.448193	0.31971	0.232097
184	0.280667	0.426076	0.293257
185	0.518227	0.178491	0.303281
186	0.289472	0.573991	0.136536
187	0.371775	0.377422	0.250803
188	0.389502	0.336621	0.273877
189	0.33919	0.452013	0.208797
190	0.329401	0.253696	0.416902
191	0.288775	0.504446	0.206779
192	0.521332	0.303054	0.175614
193	0.382918	0.293761	0.323321
194	0.377135	0.395309	0.227555
195	0.331897	0.398776	0.269327
196	0.111934	0.56764	0.320426
197	0.259441	0.420252	0.320306
198	0.37403	0.353687	0.272283
199	0.186926	0.560991	0.252084
200	0.504	0.226132	0.269868
201	0.158692	0.437599	0.403709
202	0.42287	0.253793	0.323337
203	0.693873	0.0891703	0.216957
204	0.403278	0.3874	0.209323
205	0.339494	0.47114	0.189366
206	0.174182	0.592104	0.233714
207	0.752192	0.128614	0.119194
208	0.589637	0.28498	0.125383
209	0.145158	0.016713	0.838129
210	0.427478	0.294655	0.277867
211	0.347439	0.179064	0.473497
212	0.528167	0.271054	0.20078
213	0.391672	0.38143	0.226897
214	0.986839	0.00709263	0.00606812
215	0.389591	0.413764	0.196645
216	0.442145	0.280608	0.277247
217	0.349587	0.38984	0.260573
218	0.386352	0.314831	0.298817
219	0.55609	0.377407	0.0665027
220	0.550132	0.00142798	0.44844
221	0.361759	0.373667	0.264573
222	0.359834	0.296319	0.343846
223	0.381694	0.284206	0.334099
224	0.541536	0.118594	0.33987
225	0.381731	0.131913	0.486357
226	0.249388	0.472471	0.278141
227	0.294161	0.40732	0.298519
228	0.302044	0.413538	0.284417
229	0.000123625	0.565543	0.434333
230	0.0687853	0.568676	0.362538
231	0.314803	0.363106	0.322091
232	0.0668729	0.616616	0.316511
233	0.509515	0.342814	0.147671
234	0.964309	0.00871459	0.0269767
235	0.327779	0.430335	0.241885
236	0.331003	0.475055	0.193942
237	0.422572	0.325005	0.252423
238	0.308958	0.518808	0.172234
239	0.353113	0.387212	0.259675
240	0.00414257	0.506082	0.489776
241	0.0737731	0.865249	0.0609774
242	0.732491	0.218538	0.048971
243	0.38917	0.30336	0.30747
244	0.32873	0.335108	0.336162
245	0.179641	0.508006	0.312352
246	0.237775	0.50649	0.255735
247	0.459824	0.216084	0.324092
248	0.477804	0.371914	0.150282
249	0.28312	0.342276	0.374603
250	0.419212	0.402425	0.178363
251	0.582142	0.202962	0.214896
252	0.92623	0.0593651	0.014405
253	0.0306918	0.673938	0.29537
254	0.562814	0.311232	0.125954
255	0.756398	0.137938	0.105663
256	0.237271	0.286694	0.476035
257	0.466814	0.283604	0.249582
258	0.422188	0.39357	0.184242
259	0.360745	0.385919	0.253336
260	0.35125	0.390819	0.257931
261	0.297425	0.506144	0.196431
262	0.965639	0.00454438	0.0298168
263	0.283703	0.471298	0.244999
264	0.363156	0.443574	0.193271
265	0.315833	0.382628	0.301539
266	0.390326	0.417731	0.191943
267	0.37889	0.335	0.28611
268	0.447695	0.304018	0.248287
269	0.500679	0.223515	0.275806
270	0.234177	0.360529	0.405294
271	0.432162	0.331891	0.235947
272	0.441167	0.326272	0.232561
273	0.179316	0.583346	0.237337
274	0.364605	0.399132	0.236263
275	0.248886	0.476152	0.274962
276	0.2327	0.420581	0.346718
277	0.219272	0.620822	0.159907
278	0.216775	0.414146	0.369079
279	0.397195	0.359751	0.243055
280	0.363337	0.320773	0.315891
281	0.32155	0.562621	0.11583
282	0.402051	0.46464	0.133309
283	0.314331	0.470704	0.214965
284	0.300653	0.499358	0.199989
285	0.396141	0.353715	0.250144
286	0.43773	0.325041	0.237229
287	0.308116	0.411104	0.28078
288	0.449037	0.406421	0.144542
289	0.273443	0.547176	0.179381
290	0.367209	0.335292	0.297499
291	0.487097	0.502907	0.00999631
292	0.295039	0.242442	0.462519
293	0.313355	0.470809	0.215836
294	0.312206	0.344654	0.343141
295	0.330296	0.340974	0.32873
296	0.115811	0.507591	0.376597
297	0.270368	0.505833	0.223799
298	0.361512	0.328223	0.310265
299	0.309185	0.480229	0.210586
300	0.395524	0.336332	0.268144
301	0.305051	0.400293	0.294656
302	0.379454	0.299411	0.321135
303	0.850607	0.0067797	0.142614
304	0.439425	0.383146	0.17743
305	0.27277	0.487148	0.240081
306	0.328403	0.441231	0.230366
307	0.624554	0.228906	0.14654
308	0.259397	0.520133	0.22047
309	0.23786	0.498716	0.263424
310	0.444987	0.238636	0.316377
311	0.328084	0.37688	0.295036
312	0.504005	0.352325	0.14367
313	0.599558	0.252977	0.147465
314	0.29045	0.534727	0.174823
315	0.256971	0.667784	0.0752454
316	0.364114	0.324971	0.310915
317	0.375573	0.21257	0.411857
318	0.346338	0.363228	0.290434
319	0.336681	0.357287	0.306032
320	0.346322	0.394287	0.25939
321	0.218619	0.574066	0.207314
322	0.94246	0.0360095	0.0215306
323	0.0165743	0.582181	0.401244
324	0.466129	0.191947	0.341924
325	0.194223	0.681866	0.12391
326	0.39299	0.354687	0.252323
327	0.518759	0.32052	0.160721
328	0.38804	0.361574	0.250386
329	0.332481	0.499355	0.168165
330	0.577004	0.0822506	0.340745
331	0.439781	0.404516	0.155704
332	0.367187	0.451204	0.181608
333	0.462822	0.246965	0.290212
334	0.647733	0.111658	0.240609
335	0.579308	0.197539	0.223153
336	0.451372	0.140509	0.408119
337	0.299946	0.218563	0.481492
338	0.435605	0.247569	0.316826
339	0.319669	0.352105	0.328226
340	0.425811	0.268613	0.305576
341	0.20404	0.384873	0.411088
342	0.394187	0.239995	0.365818
343	0.431346	0.118992	0.449661
344	0.479942	0.250645	0.269413
345	0.29534	0.355591	0.349069
346	0.602572	0.177822	0.219607
347	0.521206	0.252444	0.22635
348	0.260596	0.407325	0.332079
349	0.445514	0.299857	0.25463
350	0.563363	0.212916	0.223721
351	0.350833	0.221348	0.427819
352	0.318025	0.353376	0.328599
353	0.206576	0.00677904	0.786645
354	0.380393	0.350809	0.268798
355	0.365144	0.246453	0.388402
356	0.307267	0.133857	0.558876
357	0.272832	0.299134	0.428034
358	0.281902	0.299688	0.41841
359	0.290995	0.310141	0.398864
360	0.368571	0.23007	0.40136
361	0.417354	0.261094	0.321552
362	0.594492	0.358167	0.0473413
363	0.66792	0.0211503	0.31093
364	0.128	0.189512	0.682488
365	0.323842	0.192552	0.483606
366	0.420126	0.206455	0.373419
367	0.346026	0.314054	0.33992
368	0.333634	0.132767	0.533599
369	0.317076	0.319094	0.36383
370	0.215352	0.140499	0.644149
371	0.378821	0.239214	0.381965
372	0.311359	0.339565	0.349076
373	0.323323	0.243033	0.433644
374	0.366428	0.269163	0.364409
375	0.186935	0.504914	0.308151
376	0.531659	0.215722	0.252619
377	0.41931	0.246421	0.33427
378	0.315675	0.251142	0.433183
379	0.224355	0.329918	0.445727
380	0.324958	0.278237	0.396806
381	0.610143	0.346398	0.0434588
382	0.307607	0.29146	0.400932
383	0.332112	0.261236	0.406652
384	0.369739	0.250256	0.380005
385	0.295246	0.365886	0.338868
386	0.259983	0.25852	0.481497
387	0.271915	0.307737	0.420347
388	0.327114	0.384259	0.288628
389	0.264852	0.317627	0.417521
390	0.434465	0.372783	0.192751
391	0.438237	0.270743	0.29102
392	0.994059	0.000359985	0.00558057
393	0.290269	0.235994	0.473738
394	0.360713	0.288675	0.350612
395	0.182209	0.351006	0.466785
396	0.325952	0.403795	0.270253
397	0.32544	0.327463	0.347097
398	0.40419	0.231021	0.364789
399	0.348189	0.29646	0.355351
400	0.385874	0.285031	0.329095
401	0.448262	0.347188	0.20455
402	0.330425	0.339537	0.330038
403	0.218472	0.149583	0.631945
404	0.351076	0.313353	0.335571
405	0.266083	0.346055	0.387862
406	0.251361	0.350453	0.398186
407	0.318494	0.385571	0.295935
408	0.273707	0.477032	0.249261
409	0.261507	0.33976	0.398733
410	0.369772	0.345648	0.28458
411	0.351621	0.389167	0.259212
412	0.198019	0.342242	0.45974
413	0.575037	0.00159269	0.42337
414	0.0806923	0.385499	0.533809
415	0.30921	0.368729	0.32206
416	0.376178	0.0496454	0.574176
417	0.395596	0.432128	0.172276
418	0.455219	0.544781	0
419	0.23223	0.526568	0.241202
420	0.292714	0.37863	0.328655
421	0.495668	0.305049	0.199283
422	0.188703	0.249102	0.562195
423	0.325695	0.307308	0.366997
424	0.301404	0.403487	0.295109
425	0.306355	0.28011	0.413536
426	0.220118	0.37571	0.404172
427	0.450787	0.211694	0.337519
428	1	0	0
429	0.275672	0.382862	0.341466
430	0.290682	0.293469	0.415849
431	0	0.393918	0.606082
432	0.247318	0.409644	0.343038
433	0.355275	0.320371	0.324354
434	0.638936	0.352225	0.00883918
435	0.592297	0.116774	0.290929
436	0.618356	0.302842	0.0788022
437	0.405499	0.322582	0.271919
438	0.305813	0.352244	0.341943
439	0.316981	0.222613	0.460406
440	0.289527	0.429791	0.280682
441	0.256908	0.400374	0.342718
442	0.354207	0.644975	0.000818183
443	0.197386	0.401344	0.40127
444	0.334161	0.272033	0.393806
445	0.239118	0.474823	0.286058
446	0.289694	0.362728	0.347578
447	0.989478	0	0.010522
448	0.377032	0.321136	0.301831
449	0.402832	0.252248	0.34492
450	0.358785	0.34251	0.298704
451	0.328098	0.372014	0.299889
452	0.565623	0.434377	0
453	0.445704	0.356351	0.197946
454	0.531819	0.345437	0.122743
455	0.334072	0.385017	0.280911
456	0.344216	0.376718	0.279066
457	0.45228	0.367797	0.179923
458	0.296449	0.351695	0.351855
459	0.423264	0.403439	0.173297
460	0.763759	0.13088	0.105361
461	0.220956	0.590372	0.188671
462	0.363002	0.343471	0.293527
463	0.343319	0.374888	0.281794
464	0.292167	0.514018	0.193815
465	0.339536	0.27997	0.380493
466	0.382902	0.41321	0.203888
467	0.487745	0.310505	0.20175
468	0.316775	0.417824	0.265402
469	0.360191	0.258849	0.380959
470	0.442591	0.340832	0.216577
471	0.423578	0.335952	0.24047
472	0.279623	0.525512	0.194865
473	0.41629	0.373963	0.209746
474	0.650885	0.123443	0.225672
475	0.388102	0.392366	0.219532
476	0.466709	0.376049	0.157242
477	0.242043	0.338212	0.419746
478	0.296198	0.39453	0.309272
479	0.259167	0.403355	0.337478
480	0.433732	0.420988	0.145281
481	0.479738	0.338984	0.181278
482	0.398598	0.351093	0.250308
483	0.309737	0.443075	0.247188
484	0.169961	0.365728	0.464311
485	0.574533	0.166545	0.258922
486	0.338283	0.320539	0.341178
487	0.783479	0.0718231	0.144698
488	0.281834	0.263199	0.454967
489	0.326111	0.333855	0.340034
490	0.310797	0.283934	0.405269
491	0.352948	0.363532	0.28352
492	0.407765	0.254762	0.337473
493	0.396039	0.43638	0.16758
494	0.311857	0.374085	0.314058
495	0.0289964	0.919518	0.0514852
496	0.106372	0.594882	0.298746
497	0.337152	0.400829	0.262019
498	0.276044	0.376914	0.347042
499	0.294991	0.298737	0.406271
500	0.397744	0.294987	0.307269
501	0.309866	0.318115	0.372019
502	0.390234	0.307626	0.30214
503	0.461943	0.3213	0.216756
504	0.295564	0.306679	0.397757
505	0.227917	0.236715	0.535368
506	0.21533	0.426654	0.358017
507	0.297371	0.366723	0.335906
508	0.302128	0.250712	0.447161
509	0.36803	0.297653	0.334317
510	0.557965	0.133775	0.308261
511	0.170445	0.346402	0.483153
512	0.99112	0.0021946	0.00668514
513	0.324177	0.366889	0.308935
514	0.294661	0.417469	0.287869
515	0.256511	0.459447	0.284042
516	0.306277	0.407835	0.285888
517	0.41472	0.218176	0.367105
518	0.445124	0.332089	0.222787
519	0.453057	0.34508	0.201863
520	0.294212	0.420115	0.285673
521	0.358965	0.343658	0.297377
522	0.335921	0.327468	0.336611
523	0.447134	0.33771	0.215156
524	0.365021	0.278628	0.356351
525	0.311056	0.410055	0.278888
526	0.384357	0.417382	0.198261
527	0.250829	0.40888	0.340291
528	0.248878	0.382416	0.368706
529	0.320707	0.402964	0.276329
530	0.325408	0.37408	0.300512
531	0.169598	0.424867	0.405535
532	0.167733	0.247792	0.584475
533	0.296921	0.523841	0.179238
534	0.352972	0.471102	0.175926
535	0.401429	0.425985	0.172587
536	0.298205	0.402022	0.299774
537	0.411878	0.489728	0.0983941
538	0.548966	0.165509	0.285525
539	0.556469	0.272919	0.170613
540	0.417878	0.354977	0.227146
541	0.421096	0.385866	0.193038
542	0.554224	0.216634	0.229141
543	0.578358	0.248298	0.173343
544	0.387401	0.353749	0.258849
545	0.425352	0.428978	0.14567
546	0.366499	0.439002	0.1945
547	0.353822	0.317124	0.329054
548	0.109166	0.586552	0.304282
549	0.104317	0.566242	0.329441
550	0.270919	0.615306	0.113776
551	0.411982	0.367575	0.220443
552	0.40229	0.381683	0.216026
553	0.654583	0.202252	0.143165
554	0.449921	0.308089	0.24199
555	0.302142	0.509678	0.188181
556	0.371443	0.367725	0.260832
557	0.620233	0.223467	0.1563
558	0.393644	0.263591	0.342764
559	0.266278	0.432777	0.300945
560	0.399322	0.304641	0.296037
561	0.29055	0.320362	0.389088
562	0.431333	0.568667	0
563	0.338528	0.410248	0.251224
564	0.362337	0.260359	0.377303
565	0.368975	0.415925	0.2151
566	0.398887	0.340371	0.260742
567	0.256993	0.450848	0.292159
568	0.320203	0.446856	0.232941
569	0.302831	0.516425	0.180744
570	0.190528	0.583647	0.225825
571	0.363855	0.360236	0.275908
572	0.366262	0.279703	0.354036
573	0.462118	0.372917	0.164965
574	0.104276	0.21502	0.680704
575	0.461722	0.292074	0.246204
576	0.354205	0.31443	0.331365
577	0.346931	0.503689	0.14938
578	0.309015	0.472778	0.218207
579	0.281155	0.302806	0.416039
580	0.698781	0.26836	0.0328589
581	0.426476	0.412622	0.160903
582	0.278897	0.425005	0.296098
583	0.420433	0.208634	0.370933
584	0.322627	0.296742	0.380631
585	0.372244	0.249247	0.37851
586	0.406708	0.387943	0.205349
587	0.33228	0.385278	0.282442
588	0.30445	0.300812	0.394738
589	0.42789	0.395834	0.176277
590	0.312809	0.177209	0.509982
591	0.330526	0.376676	0.292797
592	0.660973	0.249886	0.0891408
593	0.410451	0.27349	0.31606
594	0.312208	0.330928	0.356864
595	1	0	0
596	0.401156	0.390167	0.208677
597	0.243114	0.498004	0.258882
598	0.292677	0.384324	0.322999
599	0.262052	0.400555	0.337394
600	0.269921	0.46876	0.261319
601	0.22887	0.446017	0.325113
602	0.354704	0.444098	0.201198
603	0.330122	0.27318	0.396698
604	0.308667	0.366677	0.324656
605	0.294334	0.36606	0.339606
606	0.271254	0.335277	0.393469
607	0.434639	0.112377	0.452984
608	0.581888	0.131239	0.286873
609	0.362318	0.185928	0.451754
610	0.255965	0.329425	0.41461
611	0.335256	0.311196	0.353548
612	0.312084	0.413646	0.27427
613	0.19241	0.116954	0.690636
614	0.359032	0.312647	0.328321
615	0.197807	0.300316	0.501876
616	0.366421	0.115089	0.51849
617	0.237595	0.362978	0.399427
618	0.385763	0.264954	0.349283
619	0.153211	0.621169	0.22562
620	0.406086	0.320708	0.273206
621	0.335007	0.395135	0.269858
622	0.223602	0.312346	0.464051
623	0.142951	0.301493	0.555556
624	0.24895	0.420097	0.330953
625	0.0612536	0.309386	0.629361
626	0.34606	0.299026	0.354914
627	0.307481	0.103131	0.589387
628	0.301326	0.348094	0.35058
629	0.31478	0.311574	0.373647
630	0.361505	0.339822	0.298673
631	0.41069	0.375618	0.213692
632	0.384874	0.266621	0.348505
633	0.271445	0.372269	0.356286
634	0.286419	0.441066	0.272515
635	0.317911	0.297863	0.384226
636	0.313738	0.29159	0.394672
637	0.298751	0.331644	0.369606
638	0.31765	0.264692	0.417658
639	0.494509	0.505491	0
640	0.293278	0.234326	0.472397
641	0.395527	0.267397	0.337076
642	0.285591	0.305217	0.409192
643	0.331629	0.192842	0.475529
644	0.33733	0.270862	0.391809
645	0.319248	0.363259	0.317493
646	0.307249	0.369832	0.32292
647	0.268609	0.408273	0.323118
648	0.326705	0.325268	0.348027
649	0.282116	0.360862	0.357023
650	0.177786	0.457075	0.36514
651	0.699497	0.0703187	0.230184
652	0.2926	0.347438	0.359962
653	0.139502	0.426287	0.434211
654	0.145871	0.414441	0.439688
655	0.379215	0.204544	0.416241
656	0.27153	0.40359	0.324881
657	0.58765	0.285016	0.127334
658	0.328134	0.340939	0.330927
659	0.313082	0.301918	0.385001
660	0.360676	0.366299	0.273024
661	0.170884	0.540079	0.289037
662	0.295885	0.335179	0.368936
663	0.173821	0.418345	0.407835
664	0.397068	0.238101	0.364831
665	0.310385	0.433073	0.256542
666	0.369792	0.213643	0.416565
667	0.363118	0.285997	0.350885
668	0.300227	0.410091	0.289681
669	0.224562	0.354409	0.421029
670	0.391076	0.19087	0.418055
671	0.0131772	0.375533	0.61129
672	0.579656	0	0.420344
673	0.989139	0	0.0108615
674	0.0740222	0.305635	0.620343
675	0.126234	0.270728	0.603038
676	0.321916	0.269544	0.40854
677	0.311278	0.333175	0.355548
678	0.373791	0.295057	0.331152
679	0.457079	0.440703	0.102218
680	0.443461	0.295048	0.261491
681	0.366101	0.45657	0.177329
682	0.297811	0.364667	0.337522
683	0.313452	0.315715	0.370833
684	0.334401	0.342272	0.323327
685	0.679906	0	0.320094
686	0.133703	0.188747	0.67755
687	0.311448	0.340456	0.348096
688	0.505609	0.494391	0
689	0.435559	0.221995	0.342446
690	0.227748	0.351574	0.420678
691	0.239257	0.421047	0.339697
692	0.299367	0.424229	0.276404
693	0.31918	0.336348	0.344472
694	0.261828	0.377152	0.361021
695	0.312204	0.3524	0.335397
696	0.324366	0.350235	0.325399
697	0.10235	0.469776	0.427874
698	0.00502889	0.0192706	0.9757
699	0.295006	0.337373	0.367621
700	0.262254	0.421167	0.316579
701	0.0860624	0.744079	0.169858
702	0.0416852	0.848336	0.109979
703	0.389494	0.34967	0.260835
704	0.242606	0.40807	0.349324
705	0.256137	0.382111	0.361752
706	0.286206	0.37816	0.335634
707	0.319304	0.317492	0.363204
708	0.396152	0.286994	0.316854
709	0.347328	0.322147	0.330526
710	0.0959219	0.516429	0.387649
711	0.33633	0.339823	0.323847
712	0.4164	0.5323	0.0513002
713	0.386916	0.335702	0.277383
714	0.066547	0.00663795	0.926815
715	0.251915	0.425229	0.322855
716	0.330602	0.302782	0.366616
717	0.314434	0.172768	0.512798
718	0.159786	0.459124	0.38109
719	0.385153	0.332598	0.282248
720	0.262936	0.467115	0.269949
721	0.287668	0.29984	0.412492
722	0.226327	0.377354	0.39632
723	0.399843	0.430571	0.169587
724	0.170018	0.284419	0.545563
725	0.261641	0.310116	0.428243
726	0.269513	0.404367	0.32612
727	0.197143	0.326672	0.476185
728	0.322851	0.178972	0.498177
729	0.696321	0.165274	0.138405
730	0.350367	0.324854	0.324778
731	0.253492	0.34437	0.402138
732	0.37314	0.352582	0.274278
733	0.369344	0.346387	0.284269
734	0.31551	0.250554	0.433936
735	0.384882	0.354586	0.260532
736	0.11006	0.244688	0.645252
737	0.507187	0.240783	0.25203
738	0.465944	0.3702	0.163856
739	0.34581	0.377224	0.276966
740	0.49229	0.134873	0.372837
741	0.316159	0.294157	0.389684
742	0.312195	0.231395	0.45641
743	0.210059	0.287958	0.501983
744	0.329962	0.322533	0.347505
745	0.907004	0.0287632	0.064233
746	0.326747	0.31873	0.354522
747	0.276491	0.397533	0.325976
748	0.300146	0.322712	0.377142
749	0.372151	0.339041	0.288807
750	0.225543	0.420535	0.353921
751	0.26597	0.58753	0.146501
752	0.363146	0.39701	0.239844
753	0.403737	0.159312	0.436951
754	0.35153	0.217548	0.430922
755	0.276363	0.244609	0.479027
756	0.311389	0.255248	0.433363
757	0.18898	0.560493	0.250527
758	0.163371	0.366288	0.470341
759	0.335828	0.317	0.347172
760	0.330478	0.292369	0.377153
761	0.675001	0.0889848	0.236014
762	0.284763	0.287144	0.428093
763	0.233815	0.342187	0.423998
764	0.248078	0.281224	0.470697
765	0.425856	0.279307	0.294837
766	0.313276	0.326789	0.359934
767	0.347856	0.282123	0.370021
768	0.294736	0.284751	0.420513
769	0.487817	0.290273	0.221911
770	0.547993	0.059746	0.392261
771	0.168653	0.0723754	0.758972
772	0.374324	0.404846	0.220831
773	0.265743	0.283105	0.451152
774	0.268273	0.398645	0.333082
775	0.327928	0.305469	0.366603
776	0.305141	0.367222	0.327636
777	0.387619	0.33243	0.279951
778	0.479408	0.258916	0.261676
779	0.369173	0.307751	0.323076
780	0.226844	0.424475	0.34868
781	0.303014	0.376502	0.320483
782	0.0219683	0.060481	0.917551
783	0.365757	0.466636	0.167607
784	0.310785	0.352581	0.336634
785	0.258605	0.565462	0.175932
786	0.299925	0.372405	0.327669
787	0.29025	0.28289	0.42686
788	0.348876	0.260231	0.390894
789	0.247061	0.405131	0.347808
790	0.882571	0.0745855	0.042843
791	0.0230012	0.474677	0.502322
792	0.22365	0.271375	0.504974
793	0.492521	0.329436	0.178042
794	0.215366	0.487925	0.296709
795	0.427491	0.426426	0.146084
796	0.284839	0.358779	0.356383
797	0.379268	0.359932	0.260801
798	0.381253	0.232307	0.38644
799	0.449321	0.297603	0.253077
800	0.432411	0.287031	0.280558
801	0.147957	0.255769	0.596274
802	0.39928	0.238871	0.361849
803	0.385892	0.3311	0.283008
804	0.205955	0.58828	0.205765
805	0.411914	0.256855	0.33123
806	0.387356	0.313858	0.298786
807	0.168726	0.58931	0.241963
808	0.860937	0.0239967	0.115067
809	0.149276	0.389835	0.460889
810	0.48846	0.280664	0.230876
811	0.368777	0.269545	0.361678
812	0.280878	0.376454	0.342667
813	0.374247	0.341248	0.284505
814	0.572819	0.279787	0.147394
815	0.331194	0.360649	0.308156
816	0.283614	0.324486	0.3919
817	0.487043	0.295058	0.217899
818	0.335341	0.287292	0.377367
819	0.357356	0.283937	0.358707
820	0.133724	0.722093	0.144183
821	0.260544	0.204712	0.534743
822	0.367773	0.298515	0.333711
823	0.438264	0.261718	0.300018
824	0.25023	0.187326	0.562444
825	0.308618	0.474181	0.2172
826	0.882364	0.0798915	0.0377443
827	0.313001	0.335815	0.351184
828	0.328879	0.401568	0.269554
829	0.0119305	0.57788	0.41019
830	0.649058	0.179561	0.171381
831	0.292923	0.32417	0.382907
832	0.463864	0.478719	0.057417
833	0.257379	0.426689	0.315932
834	0.311765	0.378187	0.310048
835	0.99983	0.000170169	0
836	0.351034	0.299612	0.349354
837	0.305035	0.293736	0.40123
838	0.324329	0.50157	0.174101
839	0.783618	0.10113	0.115252
840	0.343211	0.31395	0.34284
841	0.352246	0.372248	0.275506
842	0.350579	0.28429	0.365131
843	0.433759	0.334586	0.231655
844	0.264002	0.409843	0.326154
845	0.357031	0.403938	0.239031
846	0.301228	0.358742	0.34003
847	0.293581	0.337912	0.368507
848	0.297046	0.373376	0.329578
849	0.390952	0.345404	0.263644
850	0.415784	0.475377	0.108839
851	0.250979	0.469978	0.279043
852	0.301039	0.411291	0.28767
853	0.345528	0.383861	0.270611
854	0.275919	0.389478	0.334602
855	0.312452	0.577412	0.110136
856	0.29467	0.474946	0.230384
857	0.297574	0.240172	0.462254
858	0.263017	0.376356	0.360627
859	0.311264	0.322791	0.365946
860	0.242573	0.382655	0.374772
861	0.384596	0.204854	0.41055
862	0.261962	0.361743	0.376295
863	0.378837	0.369581	0.251583
864	0.291035	0.404966	0.303999
865	0.309242	0.341862	0.348896
866	0.260529	0.451853	0.287618
867	0.274246	0.307427	0.418327
868	0.274021	0.312936	0.413044
869	0.377086	0.331338	0.291577
870	0.319655	0.341558	0.338787
871	0.187036	0.467376	0.345588
872	0.494569	0.321358	0.184074
873	0.308404	0.558684	0.132911
874	0.26153	0.295744	0.442725
875	0.337039	0.333175	0.329786
876	0.331447	0.306455	0.362098
877	0.318378	0.115875	0.565746
878	0.352848	0.368345	0.278807
879	0.167396	0.282862	0.549742
880	0.303775	0.317229	0.378996
881	0.285417	0.371266	0.343317
882	0.258934	0.294335	0.446731
883	0.0543981	0.699543	0.246058
884	0.28159	0.35606	0.36235
885	0.301854	0.329459	0.368687
886	0.408067	0.452953	0.138979
887	0.275576	0.370826	0.353598
888	0.399883	0.288647	0.31147
889	0.501027	0.253768	0.245205
890	0.363433	0.280009	0.356557
891	0.454603	0.221034	0.324363
892	0.234882	0.375687	0.389432
893	0.310929	0.349172	0.339899
894	0.403494	0.272846	0.32366
895	0.488119	0.475945	0.0359351
896	0.0960767	0.620851	0.283072
897	0.403962	0.280409	0.31563
898	0.202693	0.104961	0.692346
899	0.0650366	0.487921	0.447042
900	0.197602	0.352579	0.449819
901	0.305778	0.250936	0.443285
902	0.388416	0.352728	0.258856
903	0.341372	0.295675	0.362952
904	0.339029	0.344753	0.316218
905	0.268632	0.275324	0.456044
906	0.319439	0.270841	0.40972
907	0.519944	0.283748	0.196308
908	0.319126	0.28545	0.395424
909	0.726175	0.196815	0.0770098
910	0.360593	0.261293	0.378114
911	0.349298	0.270598	0.380105
912	0.456396	0.216347	0.327257
913	0.221055	0.342039	0.436906
914	0.312287	0.135225	0.552488
915	0.178446	0.521829	0.299724
916	0.339152	0.295085	0.365763
917	0.300204	0.589288	0.110508
918	0.349002	0.403704	0.247294
919	0.368917	0.297644	0.333438
920	0.182474	0.370085	0.447441
921	0.193893	0.349872	0.456235
922	0.306951	0.40251	0.290539
923	0.399588	0.329713	0.270699
924	0.213842	0.395832	0.390325
925	0.495421	0.334347	0.170232
926	0.305704	0.487385	0.206911
927	0.330125	0.36759	0.302285
928	0.333521	0.452306	0.214174
929	0.200846	0.372127	0.427027
930	0.463663	0.258609	0.277728
931	0.352256	0.227958	0.419786
932	0.319819	0.385444	0.294737
933	0.295471	0.180366	0.524163
934	0.2395	0.499392	0.261108
935	0.427532	0.375594	0.196874
936	0.244107	0.314242	0.441652
937	0.292119	0.563453	0.144428
938	0.42827	0.294699	0.277031
939	0.27609	0.480524	0.243385
940	0.421569	0.202815	0.375615
941	0.119126	0.625707	0.255167
942	0.150203	0.278511	0.571286
943	0.319449	0.487845	0.192706
944	0.150163	0.416861	0.432976
945	0.318572	0.13767	0.543758
946	0.298397	0.328963	0.37264
947	0.309232	0.237533	0.453235
948	0.51361	0.250455	0.235935
949	0.301751	0.405014	0.293234
950	0.343041	0.305403	0.351556
951	0.200575	0.416046	0.383379
952	0.21768	0.389573	0.392747
953	0.201213	0.450911	0.347876
954	0.142322	0.427341	0.430337
955	0.336408	0.318499	0.345093
956	0.145064	0.425307	0.429629
957	0.264075	0.372857	0.363068
958	0.243818	0.401091	0.355091
959	0.265624	0.399312	0.335064
960	0.263406	0.344506	0.392088
961	0.267812	0.282905	0.449283
962	0.268074	0.379876	0.35205
963	0.320821	0.393343	0.285836
964	0.296672	0.352821	0.350507
965	0.248667	0.333064	0.418269
966	0.296906	0.455907	0.247186
967	0.147512	0.325736	0.526752
968	0.26747	0.255988	0.476543
969	0.425243	0.0329148	0.541842
970	0.27797	0.360023	0.362007
971	0.330282	0.238379	0.431339
972	0.305667	0.330443	0.36389
973	0.34022	0.360319	0.299461
974	0.304036	0.314736	0.381228
975	0.2668	0.346685	0.386515
976	0.192781	0.475631	0.331587
977	0.321072	0.265291	0.413637
978	0.337269	0.318519	0.344211
979	0.377257	0.348796	0.273947
980	0.34558	0.343168	0.311252
981	0.371628	0.412733	0.215639
982	0.271313	0.258286	0.4704
983	0.170399	0.353938	0.475664
984	0.143178	0.261843	0.594979
985	0.433398	0.221519	0.345083
986	0.309724	0.30716	0.383116
987	0.328633	0.385426	0.285941
988	0.708336	0.132791	0.158873
989	0.586067	0.212495	0.201438
990	0.329515	0.329089	0.341396
991	0.289897	0.457927	0.252176
992	0.261276	0.434432	0.304292
993	0.34858	0.38075	0.270671
994	0.23486	0.432288	0.332852
995	0.293194	0.350509	0.356298
996	0.250392	0.366486	0.383122
997	0.338235	0.495533	0.166232
998	0.322087	0.340058	0.337855
999	0.353452	0.334594	0.311954
1000	0.331706	0.342562	0.325732
1001	0.371234	0.373563	0.255203
1002	0.268121	0.260922	0.470957
1003	0.316175	0.317993	0.365832
1004	0.343528	0.325844	0.330628
1005	0.184295	0.39403	0.421675
1006	0.319626	0.300156	0.380218
1007	0.301279	0.289615	0.409105
1008	0.32162	0.331098	0.347282
1009	0.218162	0.384241	0.397597
1010	0.303305	0.339142	0.357552
1011	0.356869	0.343039	0.300092
1012	0.287006	0.412473	0.300521
1013	0.353907	0.352427	0.293666
1014	0.329366	0.454271	0.216363
1015	0.447777	0.0824803	0.469742
1016	0.402043	0.260812	0.337145
1017	0.183647	0.489052	0.327301
1018	0.13121	0.225858	0.642932
1019	0.350423	0.340173	0.309404
1020	0.311657	0.312993	0.37535
1021	0.256027	0.439744	0.304229
1022	0.0836419	0.465328	0.45103
1023	0.530255	0.093736	0.376009
1024	0.435048	0.256823	0.308128
1025	0.451388	0.291117	0.257495
1026	0.315151	0.344651	0.340198
1027	0.149945	0.474107	0.375948
1028	0.191754	0.331568	0.476678
1029	0.303715	0.525619	0.170666
1030	0.25346	0.346386	0.400153
1031	0.20152	0.434681	0.363799
1032	0.0101931	0.467534	0.522273
1033	0.00395498	0.325129	0.670916
1034	0.346633	0.314505	0.338862
1035	0.371611	0.335072	0.293317
1036	0.306216	0.342589	0.351195
1037	0.0601742	0.446616	0.49321
1038	0.268109	0.436909	0.294981
1039	0.292503	0.341464	0.366033
1040	0.270537	0.46649	0.262973
1041	0.26924	0.392013	0.338747
1042	0.374766	0.310007	0.315226
1043	0.337003	0.377717	0.28528
1044	0.226702	0.682608	0.0906895
1045	0.313678	0.507979	0.178343
1046	0.401499	0.237128	0.361373
1047	0.276978	0.408095	0.314927
1048	0.378302	0.33998	0.281719
1049	0.301885	0.346103	0.352012
1050	0.337522	0.427325	0.235153
1051	0.381245	0.478338	0.140417
1052	0.0517034	0.617631	0.330666
1053	0.339932	0.297521	0.362546
1054	0.315904	0.432008	0.252088
1055	0.313798	0.369808	0.316394
1056	0.295252	0.347906	0.356842
1057	0.335569	0.324073	0.340357
1058	0.234209	0.385017	0.380775
1059	0.369771	0.221847	0.408382
1060	0.266038	0.336843	0.397119
1061	0.300197	0.378917	0.320886
1062	0.331797	0.357088	0.311115
1063	0.384481	0.495964	0.119555
1064	0.438774	0.315686	0.24554
1065	0.467002	0.286227	0.246771
1066	0.458996	0.245743	0.295262
1067	0.34968	0.314353	0.335967
1068	0.223132	0.473934	0.302934
1069	0.241097	0.420358	0.338545
1070	0.130588	0.319059	0.550353
1071	0.233194	0.238194	0.528612
1072	0.346393	0.321967	0.33164
1073	0.33989	0.328938	0.331172
1074	0.493651	0.274035	0.232315
1075	0.470475	0.237452	0.292073
1076	0.0497876	0.892066	0.058146
1077	0.300028	0.382631	0.317341
1078	0.38615	0.0441221	0.569728
1079	0.436084	0.294761	0.269154
1080	0.31059	0.295873	0.393537
1081	0.225841	0.641664	0.132495
1082	0.107369	0.571029	0.321603
1083	0.399105	0.401154	0.199741
1084	0.27311	0.44444	0.282449
1085	0.30696	0.456379	0.236661
1086	0.316701	0.287508	0.395792
1087	0.586164	0.227776	0.18606
1088	0.812284	0.0901657	0.0975503
1089	0.487645	0.390129	0.122226
1090	0.307984	0.441937	0.250079
1091	0.20473	0.426418	0.368852
1092	0.27976	0.255813	0.464428
1093	0.344174	0.374084	0.281742
1094	0.471291	0.325634	0.203075
1095	0.13877	0.719999	0.141231
1096	0.341962	0.403474	0.254564
1097	0.239768	0.429102	0.331129
1098	0.246422	0.511583	0.241995
1099	0.488116	0.318516	0.193368
1100	0.340264	0.387923	0.271813
1101	0.409518	0.303473	0.287009
1102	0.0878918	0.286604	0.625504
1103	0.142945	0.375616	0.481439
1104	0.741292	0.0730973	0.185611
1105	0.344256	0.314778	0.340966
1106	0.412009	0.587991	0
1107	0.360603	0.342543	0.296854
1108	0.348416	0.43364	0.217943
1109	0.245733	0.46193	0.292337
1110	0.162198	0.554232	0.28357
1111	0.488332	0.341792	0.169875
1112	0.414788	0.326149	0.259064
1113	0.3882	0.307397	0.304403
1114	0.528906	0.323073	0.148021
1115	0.646933	0.176605	0.176462
1116	0.35943	0.386828	0.253741
1117	0.366598	0.325124	0.308279
1118	0.24027	0.438328	0.321402
1119	0.995046	0.00113915	0.00381477
1120	0.394342	0.331177	0.274481
1121	0.701338	0.263042	0.0356204
1122	0.365958	0.450605	0.183437
1123	0.213523	0.640507	0.14597
1124	0.346704	0.326227	0.327069
1125	0.167271	0.307052	0.525677
1126	0.0156908	0.220232	0.764077
1127	0.402357	0.326875	0.270768
1128	0.307769	0.35895	0.333281
1129	0.291204	0.402462	0.306334
1130	0.345928	0.183646	0.470425
1131	0.367927	0.271867	0.360206
1132	0.349291	0.504021	0.146688
1133	0.692239	0.307761	0
1134	0.149931	0.507768	0.3423
1135	0.277434	0.549019	0.173546
1136	0.232062	0.673648	0.0942901
1137	0.351777	0.382325	0.265898
1138	0.258962	0.639161	0.101877
1139	0.0270319	0.59688	0.376088
1140	0.40523	0.318976	0.275794
1141	0.49167	0.0324892	0.475841
1142	0.468425	0.244685	0.286891
1143	0.949101	0.0457016	0.00519771
1144	0.206215	0.514272	0.279513
1145	0.228718	0.377467	0.393815
1146	0.423653	0.319148	0.257199
1147	0.331664	0.39437	0.273966
1148	0.314253	0.33543	0.350318
1149	0.328174	0.655673	0.0161535
1150	0.367506	0.00242486	0.630069
1151	0.16633	0.267797	0.565873
1152	0.102783	0.61489	0.282327
1153	0.28596	0.376214	0.337826
1154	0.10998	0.871529	0.0184912
1155	0.233014	0.423994	0.342991
1156	0.77296	0.0835212	0.143519
1157	0.0326461	0.030406	0.936948
1158	0.313184	0.215782	0.471035
1159	0.0447202	0.190348	0.764931
1160	0.51114	0.469472	0.0193878
1161	0.403832	0.00613459	0.590033
1162	0.218043	0.69436	0.0875971
1163	0.63405	0.171831	0.19412
1164	0.363605	0.198672	0.437723
1165	0.537553	0.179544	0.282904
1166	0.208389	0.424259	0.367352
1167	0.568583	0.225019	0.206398
1168	0.582002	0.19872	0.219278
1169	0.643203	0.277482	0.079314
1170	0.0129007	0.440005	0.547094
1171	0.147901	0.536951	0.315147
1172	0	0.343631	0.656369
1173	0.99581	0.00120628	0.00298364
1174	0.0603835	0	0.939617
1175	0.684169	0.100223	0.215608
1176	0.250592	0.520544	0.228865
1177	0.154493	0.591095	0.254412
1178	0.00651675	0.976937	0.0165458
1179	0.580534	0.010526	0.40894
1180	0.388325	0.106853	0.504822
1181	0.22062	0.463457	0.315923
1182	0.00085273	0.998342	0.000804898
1183	0.453393	0.199909	0.346698
1184	0.825265	0.000613052	0.174122
1185	0.830692	0.0214712	0.147837
1186	0.387624	0.425191	0.187185
1187	0.9979	0.00147583	0.000624218
1188	0.00163914	0.464288	0.534073
1189	0.211486	0.383722	0.404791
1190	0.31186	0.474801	0.213338
1191	0.193651	0.214067	0.592282
1192	0.333394	0.300111	0.366495
1193	0.39133	0.394411	0.214258
1194	0.293733	0.360264	0.346003
1195	0.343629	0.289028	0.367343
1196	0.28546	0.308908	0.405631
1197	0.21494	0.350936	0.434124
1198	0.252302	0.348134	0.399564
1199	0.00411952	0.976158	0.0197222
1200	0.943128	0.0103768	0.0464948
1201	0.386332	0.486723	0.126945
1202	0.247991	0.684096	0.067913
1203	0.25755	0.495863	0.246587
1204	0.477737	0.332062	0.190201
1205	0.428165	0.364611	0.207224
1206	0.330735	0.415342	0.253923
1207	0.336267	0.419716	0.244017
1208	0.00559517	0.963444	0.0309612
1209	0.341954	0.347378	0.310668
1210	0.236074	0.388419	0.375506
1211	0.232158	0.407674	0.360168
1212	0.508541	0.114168	0.377292
1213	0.171959	0.166805	0.661236
1214	0.272046	0.358187	0.369767
1215	0.250219	0.572928	0.176853
1216	0.534736	0.464823	0.000440106
1217	0.337659	0.466924	0.195417
1218	0.304896	0.498876	0.196227
1219	0.33716	0.333419	0.329421
1220	0.387791	0.264946	0.347263
1221	0.39439	0.242738	0.362872
1222	0.360883	0.519183	0.119933
1223	0.362989	0.374231	0.26278
1224	0.725693	0.024062	0.250245
1225	0.170136	0.826202	0.00366259
1226	0.315694	0.311572	0.372734
1227	0.327985	0.386943	0.285072
1228	0.332745	0.397451	0.269804
1229	0.289744	0.403793	0.306464
1230	0.434512	0.386631	0.178856
1231	0.235048	0.555802	0.209151
1232	0.325396	0.467207	0.207397
1233	0.746884	0.192064	0.0610515
1234	0.536737	0.273801	0.189462
1235	0.273897	0.588237	0.137866
1236	0.398216	0.241468	0.360316
1237	0.404375	0.392273	0.203351
1238	0.430642	0.378505	0.190853
1239	0.425789	0.37238	0.201831
1240	0.646138	0.150181	0.20368
1241	0.506603	0.492646	0.000751517
1242	0.355255	0.366732	0.278013
1243	0.417584	0.322346	0.26007
1244	0.343625	0.38681	0.269565
1245	0.346309	0.316612	0.337079
1246	0.412717	0.308373	0.27891
1247	0.378402	0.428482	0.193116
1248	0.413044	0.410273	0.176683
1249	0.390085	0.399737	0.210178
1250	0.372112	0.447005	0.180883
