Balance	0.33	0.33	0.33
H_dominance	1	0	0
St1_dominance	0	1	0
St2_dominance	0	0	1
H_suppressed	0	0.5	0.5
St1_suppressed	0.5	0	0.5
St2_suppressed	0.5	0.5	0
1	0.277327	0.475595	0.247078
2	0.366894	0.479952	0.153154
3	0.151556	0.521564	0.32688
4	0.195299	0.371971	0.43273
5	0.244806	0.414736	0.340458
6	0.400759	0.26502	0.334221
7	0.187846	0.4917	0.320454
8	0.226121	0.58351	0.190369
9	0.0816361	0.740548	0.177816
10	0.325507	0.267791	0.406703
11	0.0549173	0.681518	0.263564
12	0	0.526096	0.473904
13	0.299949	0.268507	0.431544
14	0.323506	0.336879	0.339616
15	0.082865	0.222902	0.694233
16	0.290978	0.310904	0.398118
17	0.291373	0.349645	0.358982
18	0.423283	0.315525	0.261193
19	0.512077	0.373896	0.114027
20	0.384521	0.296167	0.319312
21	0.323904	0.299995	0.376101
22	0.300814	0.40493	0.294256
23	0.267254	0.474039	0.258707
24	0.609622	0.390378	0
25	0.333978	0.259098	0.406924
26	0.40527	0.59473	0
27	0.299451	0.413569	0.28698
28	0.243995	0.484057	0.271947
29	0.377256	0.330473	0.292271
30	0.295151	0.415258	0.28959
31	0.279888	0.332028	0.388084
32	0.217797	0.415169	0.367033
33	0.29596	0.395417	0.308623
34	0.00579409	0.328544	0.665662
35	0.117509	0.882491	0
36	0.387794	0.361324	0.250882
37	0.330031	0.596406	0.0735631
38	0.000576224	0.777245	0.222179
39	0.522172	0.201239	0.276589
40	0.205997	0.420789	0.373214
41	0.377679	0.392651	0.22967
42	0.416629	0.25378	0.329591
43	0.283091	0.371667	0.345242
44	0.599978	0.150131	0.249891
45	0.978027	0.0156122	0.00636082
46	0.341395	0.448587	0.210018
47	0.473845	0.256188	0.269967
48	0.340394	0.306659	0.352947
49	0.0596548	0.509138	0.431208
50	0.864568	0.0835739	0.0518576
51	0.342284	0.321627	0.33609
52	0.387621	0.240306	0.372073
53	0.0097499	0.989756	0.000494152
54	0.286299	0.392081	0.32162
55	0.265356	0.402716	0.331928
56	0.350347	0.296065	0.353588
57	0.266457	0.391147	0.342396
58	0.577256	0.195575	0.227169
59	0.509301	0.48331	0.0073887
60	0.1076	0.17464	0.71776
61	0.20146	0.376444	0.422096
62	0.413323	0.246518	0.340159
63	0.336855	0.000894615	0.66225
64	0.314671	0.385948	0.299381
65	0.339244	0.389018	0.271738
66	0.463827	0.428006	0.108167
67	0.834411	0.150303	0.0152859
68	0.223921	0.579684	0.196395
69	0.429501	0.335308	0.235192
70	0.323404	0.386145	0.290452
71	0.510393	0.316743	0.172865
72	0.466184	0.24099	0.292826
73	0.407924	0.324228	0.267848
74	0.437544	0.472331	0.0901256
75	0.282127	0.377579	0.340294
76	0.294261	0.441911	0.263828
77	0.274595	0.446337	0.279069
78	0.141484	0.595158	0.263358
79	0.265405	0.435895	0.2987
80	0.34794	0.455258	0.196802
81	0.350085	0.441224	0.208691
82	0.186685	0.797834	0.0154811
83	0.379764	0.332933	0.287303
84	0.00125952	0.509181	0.48956
85	0.995654	0.00434591	0
86	0.368098	0.383589	0.248313
87	0.523355	0.437934	0.0387103
88	0.530866	0.277611	0.191523
89	0.0152631	0.704698	0.280039
90	0.414442	0.489758	0.0958004
91	0.28188	0.384836	0.333284
92	0.238911	0.416476	0.344613
93	0.265792	0.394449	0.339759
94	0.338339	0.407208	0.254454
95	0.391642	0.389453	0.218905
96	0.165624	0.500817	0.333559
97	0.277461	0.468632	0.253907
98	0.219732	0.541473	0.238795
99	0.378564	0.406193	0.215242
100	0.399516	0.569738	0.0307455
101	0.319954	0.453412	0.226634
102	0.404059	0.459001	0.13694
103	0.322501	0.439475	0.238024
104	0.275148	0.474237	0.250615
105	0.407066	0.305765	0.287169
106	0.384362	0.278595	0.337043
107	0.41609	0.276911	0.306999
108	0.222179	0.514542	0.263279
109	0.144096	0.456465	0.399439
110	0.345227	0.334853	0.319919
111	0.422938	0.28034	0.296722
112	0.140475	0.60549	0.254035
113	0.0693635	0.268094	0.662543
114	0.185605	0.806134	0.00826093
115	0.350463	0.464332	0.185205
116	0.142216	0.467267	0.390517
117	0.308702	0.391143	0.300155
118	0.324703	0.400827	0.27447
119	0.820641	0.143828	0.0355318
120	0.37933	0.42428	0.196389
121	0.463613	0.303278	0.23311
122	0.283724	0.446573	0.269704
123	0.357769	0.338234	0.303997
124	0.375269	0.3382	0.286531
125	0.315068	0.410227	0.274705
126	0.0383612	0.843708	0.117931
127	0.00455312	0.764456	0.230991
128	0.282488	0.717512	0
129	0.365388	0.40697	0.227642
130	0.373611	0.435129	0.19126
131	0.513165	0.437887	0.0489482
132	0.440489	0.233359	0.326152
133	0.512296	0.396616	0.091088
134	0.275559	0.42386	0.300581
135	0.48871	0.51129	0
136	0.426997	0.358009	0.214993
137	0.296677	0.460462	0.242861
138	0.318572	0.386539	0.294889
139	0.310222	0.459948	0.22983
140	0.358911	0.368465	0.272624
141	0.429877	0.333213	0.23691
142	0.474947	0.223041	0.302012
143	0.37235	0.265413	0.362237
144	0.350061	0.441544	0.208395
145	0.321608	0.49116	0.187232
146	0.276937	0.501121	0.221942
147	0.348434	0.296716	0.35485
148	0.431391	0.422352	0.146257
149	0.328073	0.342765	0.329162
150	0.451514	0.387646	0.16084
151	0.727554	0.16915	0.103296
152	0.59854	0.0797022	0.321758
153	0.401817	0.341171	0.257011
154	0.272318	0.721425	0.00625729
155	0.457688	0.297851	0.244461
156	0.351749	0.33766	0.310591
157	0.508872	0.302129	0.188999
158	0.219992	0.454662	0.325346
159	0.517128	0.478558	0.00431406
160	0.447427	0.332604	0.219968
161	0.298452	0.263478	0.438071
162	0.084114	0.26392	0.651966
163	0.500055	0.289136	0.210808
164	0.365987	0.385249	0.248764
165	0.1301	0.755234	0.114666
166	0.320556	0.425152	0.254292
167	0.36846	0.488644	0.142896
168	0.131812	0.434296	0.433892
169	0.82701	0.00170145	0.171288
170	0.434563	0.348911	0.216526
171	0.495079	0.208509	0.296413
172	0.480665	0.456154	0.0631804
173	0.338948	0.359027	0.302024
174	0.467664	0.348568	0.183769
175	0.467915	0.333247	0.198838
176	0	0.496988	0.503012
177	0.365379	0.335125	0.299497
178	0.686901	0.171288	0.141811
179	0.381821	0.279921	0.338258
180	0.086001	0.822487	0.0915124
181	0.432887	0.383645	0.183469
182	0.0460261	0.197709	0.756264
183	0.271177	0.680751	0.0480723
184	0.30178	0.41935	0.27887
185	0.400374	0.474963	0.124663
186	0.343959	0.446712	0.209329
187	0.324132	0.415396	0.260473
188	0.497299	0.217449	0.285251
189	0.35962	0.525787	0.114593
190	0.358003	0.382702	0.259295
191	0.369188	0.300355	0.330457
192	0.53121	0.267968	0.200822
193	0.40352	0.244979	0.351501
194	0.184337	0.712184	0.103479
195	0.481736	0.3211	0.197164
196	0.317294	0.408081	0.274625
197	0.371928	0.399701	0.228371
198	0.337062	0.367655	0.295283
199	0.106606	0.370707	0.522687
200	0.546153	0.306384	0.147463
201	0.233047	0.463606	0.303347
202	0.224306	0.497507	0.278186
203	0.123525	0.643245	0.23323
204	0.55311	0.226291	0.220599
205	0.0966066	0.422591	0.480803
206	0.395506	0.299529	0.304965
207	0.488877	0.305553	0.20557
208	0.395014	0.37443	0.230556
209	0.259841	0.491003	0.249156
210	0.238276	0.532296	0.229428
211	0.409262	0.430757	0.15998
212	0.53711	0.29565	0.16724
213	0.0801244	0.0174786	0.902397
214	0.412822	0.297666	0.289512
215	0.413363	0.398192	0.188445
216	0.516006	0.265261	0.218734
217	0.389578	0.294716	0.315706
218	0.991652	0.00472731	0.00362061
219	0.44127	0.393652	0.165078
220	0.477159	0.273493	0.249348
221	0.357493	0.370203	0.272304
222	0.386313	0.330921	0.282766
223	0.44909	0.458427	0.0924822
224	0.469424	0.077554	0.453022
225	0.51007	0.159216	0.330714
226	0.384748	0.285968	0.329283
227	0.385001	0.28771	0.32729
228	0.506854	0.0988855	0.39426
229	0.299589	0.0903575	0.610053
230	0.246278	0.446053	0.307669
231	0.289183	0.386129	0.324689
232	0.250839	0.325006	0.424154
233	0	0.550661	0.449339
234	0.680293	0.167839	0.151868
235	0.416975	0.34608	0.236945
236	0.101633	0.597627	0.300741
237	0.518633	0.38942	0.0919476
238	0.939039	0.0105198	0.0504409
239	0.800421	0.187413	0.0121657
240	0.32071	0.432037	0.247252
241	0.159097	0.594042	0.246861
242	0.520917	0.228214	0.250869
243	0.343712	0.483588	0.172701
244	0.341262	0.474305	0.184432
245	0.00215397	0.544126	0.45372
246	0.193093	0.724506	0.0824008
247	0.177707	0.797366	0.0249274
248	0.367966	0.333382	0.298653
249	0.397117	0.295989	0.306894
250	0.19096	0.527892	0.281148
251	0.172173	0.528791	0.299036
252	0.469458	0.226821	0.303722
253	0.54751	0.268764	0.183726
254	0.35615	0.347792	0.296057
255	0.34396	0.4537	0.20234
256	0.547903	0.211477	0.24062
257	0.949183	0.0474491	0.0033674
258	0.00478991	0.732858	0.262352
259	0.662087	0.233243	0.10467
260	0.875473	0.0789333	0.0455934
261	0.116794	0.325034	0.558172
262	0.385373	0.329054	0.285573
263	0.545184	0.265727	0.189088
264	0.307951	0.397762	0.294287
265	0.343532	0.411271	0.245197
266	0.106444	0.55283	0.340726
267	0.939783	0.0296538	0.0305636
268	0.231442	0.615011	0.153547
269	0.34623	0.473674	0.180096
270	0.385615	0.413423	0.200962
271	0.305906	0.394261	0.299833
272	0.335475	0.411172	0.253353
273	0.42535	0.265057	0.309593
274	0.45252	0.297838	0.249642
275	0.467615	0.323721	0.208664
276	0.278259	0.375645	0.346096
277	0.488431	0.273886	0.237683
278	0.403183	0.317649	0.279168
279	0.250587	0.44256	0.306853
280	0.394063	0.391173	0.214764
281	0.349459	0.452763	0.197778
282	0.25963	0.417887	0.322483
283	0.301794	0.553316	0.14489
284	0.442979	0.314405	0.242616
285	0.393552	0.364673	0.241775
286	0.431429	0.370834	0.197737
287	0.330549	0.542656	0.126795
288	0.408601	0.46045	0.130948
289	0.270926	0.492383	0.236691
290	0.21459	0.517548	0.267862
291	0.424992	0.361157	0.213851
292	0.429416	0.323653	0.246931
293	0.363376	0.352338	0.284286
294	0.618075	0.376675	0.00525059
295	0.254508	0.525638	0.219854
296	0.345224	0.377433	0.277343
297	0.452839	0.541314	0.00584773
298	0.371054	0.312024	0.316921
299	0.330641	0.49242	0.17694
300	0.435821	0.303828	0.26035
301	0.428387	0.271219	0.300394
302	0.247659	0.445102	0.307239
303	0.394674	0.393978	0.211348
304	0.357943	0.332021	0.310036
305	0.346591	0.466204	0.187206
306	0.408832	0.378372	0.212795
307	0.349562	0.292685	0.357753
308	0.941944	0.00466921	0.0533867
309	0.551158	0.291794	0.157049
310	0.239287	0.50035	0.260363
311	0.329526	0.430395	0.240079
312	0.525926	0.276976	0.197098
313	0.300605	0.493157	0.206238
314	0.197054	0.563597	0.239349
315	0.420325	0.221354	0.358321
316	0.291298	0.381506	0.327196
317	0.54489	0.310739	0.144371
318	0.478496	0.352949	0.168555
319	0.343597	0.502343	0.154059
320	0.233956	0.709812	0.0562322
321	0.361446	0.405064	0.23349
322	0.330413	0.307569	0.362018
323	0.347002	0.220969	0.432028
324	0.312951	0.393709	0.29334
325	0.326578	0.388139	0.285283
326	0.43404	0.315211	0.250749
327	0.281116	0.411697	0.307187
328	0.843181	0.109627	0.0471927
329	0.075592	0.562192	0.362216
330	0.579469	0.388991	0.0315403
331	0.436756	0.233942	0.329302
332	0.264888	0.579793	0.15532
333	0.340637	0.423728	0.235636
334	0.355047	0.537316	0.107637
335	0.374886	0.37125	0.253863
336	0.332669	0.480269	0.187062
337	0.581295	0.0730555	0.34565
338	0.401611	0.404152	0.194237
339	0.381338	0.364455	0.254208
340	0.552408	0.269268	0.178323
341	0.429865	0.27886	0.291276
342	0.467537	0.145486	0.386977
343	0.529537	0.280738	0.189725
344	0.406019	0.18516	0.40882
345	0.243888	0.227402	0.52871
346	0.478045	0.257608	0.264347
347	0.358361	0.346913	0.294726
348	0.42872	0.255236	0.316044
349	0.389521	0.285625	0.324854
350	0.414983	0.256112	0.328905
351	0.465908	0.121921	0.412171
352	0.463285	0.249628	0.287088
353	0.316963	0.420236	0.262802
354	0.623247	0.140952	0.235801
355	0.547788	0.252307	0.199905
356	0.34189	0.278183	0.379927
357	0.45019	0.299919	0.249891
358	0.495846	0.284206	0.219947
359	0.3163	0.222511	0.46119
360	0.352811	0.247009	0.400181
361	0.267111	0.429163	0.303726
362	0.258408	0.00862075	0.732971
363	0.0569918	0.433792	0.509217
364	0.455585	0.129805	0.414609
365	0.270879	0.19284	0.536281
366	0.32683	0.265139	0.408031
367	0.311838	0.307929	0.380233
368	0.269653	0.329173	0.401174
369	0.432579	0.267721	0.2997
370	0.489842	0.178737	0.331422
371	0.593321	0.352032	0.0546471
372	0.471869	0.0286411	0.49949
373	0.26543	0.263118	0.471452
374	0.319322	0.190778	0.4899
375	0.230492	0.269931	0.499577
376	0.353417	0.311684	0.334899
377	0.33174	0.272138	0.396122
378	0.265467	0.28551	0.449023
379	0.150757	0.152351	0.696892
380	0.382386	0.243297	0.374317
381	0.289056	0.345745	0.365198
382	0.302096	0.266481	0.431422
383	0.498693	0.175095	0.326212
384	0.139552	0.577475	0.282973
385	0.513563	0.212386	0.274052
386	0.396415	0.264287	0.339298
387	0.228845	0.274348	0.496807
388	0.200427	0.343554	0.456019
389	0.308722	0.305302	0.385976
390	0.447278	0.233458	0.319263
391	0.267842	0.250398	0.481761
392	0.34228	0.280281	0.377439
393	0.500056	0.173386	0.326558
394	0.286628	0.325118	0.388254
395	0.36928	0.216255	0.414465
396	0.228103	0.277582	0.494315
397	0.297652	0.414233	0.288115
398	0.265677	0.303504	0.43082
399	0.191429	0.500385	0.308185
400	0.387016	0.344688	0.268296
401	0.982263	0.000491797	0.0172456
402	0.238528	0.246214	0.515258
403	0.366576	0.302781	0.330644
404	0.217514	0.399112	0.383374
405	0.335769	0.384923	0.279308
406	0.25867	0.410604	0.330726
407	0.303795	0.316813	0.379392
408	0.348684	0.307727	0.343588
409	0.384169	0.298577	0.317254
410	0.489784	0.33037	0.179846
411	0.293626	0.435545	0.270829
412	0.329	0.348517	0.322483
413	0.275743	0.351636	0.372621
414	0.311676	0.321659	0.366665
415	0.308424	0.383388	0.308188
416	0.283962	0.447682	0.268356
417	0.26065	0.380288	0.359062
418	0.433495	0.304922	0.261583
419	0.358703	0.415649	0.225648
420	0.163632	0.437321	0.399047
421	0.10141	0.0052188	0.893371
422	0.276122	0.392085	0.331793
423	0.299741	0.38376	0.316499
424	0.136615	0.530249	0.333136
425	0.341239	0.404972	0.253789
426	0.446864	0.553136	0
427	0.37984	0.358582	0.261579
428	0.28435	0.423916	0.291734
429	0.373926	0.368879	0.257195
430	0.18428	0.281055	0.534665
431	0.283488	0.30978	0.406732
432	0.305686	0.390728	0.303586
433	0.242302	0.342355	0.415343
434	0.340583	0.319207	0.34021
435	0.303648	0.303302	0.393049
436	0.992318	0.000848438	0.00683378
437	0.28877	0.254549	0.456681
438	0.273418	0.257793	0.468789
439	0.000101068	0.481684	0.518215
440	0.3194	0.306488	0.374112
441	0.992996	0.00127385	0.00572981
442	0.341339	0.337831	0.32083
443	0.642465	0.355586	0.00194956
444	0.445676	0.153293	0.401031
445	0.299459	0.482174	0.218367
446	0.375187	0.335522	0.289291
447	0.278112	0.383592	0.338296
448	0.339965	0.230178	0.429857
449	0.149675	0.508936	0.341389
450	0.275255	0.373363	0.351382
451	0.441397	0.558603	0
452	0.0401714	0.494567	0.465262
453	0.258998	0.420443	0.320559
454	0.251641	0.367833	0.380526
455	0.216057	0.537804	0.246138
456	0.299633	0.36662	0.333747
457	0.993997	0.00282513	0.00317759
458	0.370767	0.347055	0.282177
459	0.349077	0.306829	0.344093
460	0.329075	0.316865	0.35406
461	0.346556	0.376636	0.276808
462	0.614481	0.385519	0
463	0.454639	0.360979	0.184382
464	0.543344	0.301824	0.154832
465	0.319384	0.39226	0.288356
466	0.350609	0.37037	0.279021
467	0.430352	0.363598	0.20605
468	0.281908	0.37417	0.343922
469	0.313936	0.464212	0.221851
470	1	0	0
471	0.04884	0.846239	0.104921
472	0.317735	0.39366	0.288605
473	0.288683	0.397508	0.313808
474	0.202332	0.645168	0.1525
475	0.40889	0.295681	0.295429
476	0.343588	0.460322	0.19609
477	0.530281	0.286333	0.183386
478	0.23196	0.468181	0.299859
479	0.400409	0.288306	0.311284
480	0.361895	0.371683	0.266422
481	0.422412	0.260607	0.316981
482	0.338359	0.438663	0.222978
483	0.38438	0.339689	0.275931
484	0.547519	0.204051	0.24843
485	0.372798	0.414497	0.212706
486	0.533502	0.421053	0.0454449
487	0.197725	0.424022	0.378253
488	0.35176	0.322255	0.325984
489	0.25424	0.397012	0.348747
490	0.544149	0.292564	0.163287
491	0.536169	0.234779	0.229052
492	0.413786	0.334079	0.252134
493	0.360974	0.396008	0.243018
494	0.12721	0.371383	0.501407
495	0.599632	0.246449	0.15392
496	0.338302	0.323737	0.337962
497	0.400123	0.143717	0.45616
498	0.129662	0.245637	0.624701
499	0.32873	0.331205	0.340065
500	0.303765	0.248292	0.447942
501	0.306444	0.376491	0.317065
502	0.381232	0.264319	0.354449
503	0.349751	0.491797	0.158452
504	0.288767	0.378496	0.332738
505	0.0128407	0.940831	0.0463285
506	0.123798	0.476413	0.399789
507	0.457685	0.222107	0.320208
508	0.284379	0.371626	0.343995
509	0.39859	0.18943	0.41198
510	0.232397	0.361893	0.40571
511	0.687964	0.103216	0.20882
512	0.329687	0.293025	0.377288
513	0.395505	0.297478	0.307018
514	0.415991	0.33259	0.25142
515	0.274742	0.334443	0.390814
516	0.360384	0.264051	0.375566
517	0.186379	0.404578	0.409043
518	0.305193	0.364051	0.330756
519	0.229429	0.301597	0.468973
520	0.331112	0.335831	0.333057
521	0.945034	0.036888	0.0180782
522	0.195822	0.383765	0.420413
523	0.996875	0.00190247	0.00122296
524	0.258521	0.404569	0.33691
525	0.270705	0.43035	0.298945
526	0.260915	0.456119	0.282966
527	0.324796	0.504325	0.170879
528	0.392006	0.264514	0.34348
529	0.411236	0.33236	0.256404
530	0.398968	0.413843	0.187189
531	0.264344	0.399536	0.33612
532	0.347194	0.339009	0.313797
533	0.374801	0.323316	0.301883
534	0.533171	0.282267	0.184562
535	0.418895	0.244945	0.33616
536	0.275093	0.419116	0.305791
537	0.30914	0.406155	0.284705
538	0.249254	0.408506	0.34224
539	0.227288	0.38901	0.383702
540	0.332079	0.371611	0.296309
541	0.3154	0.39071	0.293889
542	0.227125	0.46715	0.305726
543	0.244376	0.268239	0.487385
544	0.260107	0.534497	0.205396
545	0.313057	0.476676	0.210267
546	0.422249	0.399176	0.178575
547	0.318527	0.380972	0.3005
548	0.54956	0.380852	0.0695885
549	0.443447	0.150369	0.406184
550	0.68289	0.190656	0.126454
551	0.403268	0.310812	0.28592
552	0.399107	0.465211	0.135682
553	0.402632	0.3715	0.225868
554	0.594809	0.18116	0.224031
555	0.323894	0.429489	0.246617
556	0.336816	0.390489	0.272695
557	0.368946	0.458688	0.172366
558	0.323714	0.450328	0.225958
559	0.321668	0.334256	0.344076
560	0.272907	0.703866	0.0232277
561	0.12127	0.540118	0.338612
562	0.182482	0.564639	0.252879
563	0.424432	0.393385	0.182183
564	0.372368	0.36634	0.261293
565	0.64377	0.216447	0.139783
566	0.370137	0.314634	0.315229
567	0.442804	0.409449	0.147747
568	0.452696	0.274017	0.273287
569	0.410767	0.237318	0.351915
570	0.429038	0.275072	0.29589
571	0.298285	0.406917	0.294798
572	0.498445	0.253836	0.24772
573	0.418845	0.291581	0.289575
574	0.524589	0.475411	0
575	0.423932	0.243332	0.332735
576	0.340459	0.265034	0.394506
577	0.366321	0.400754	0.232925
578	0.350908	0.36984	0.279251
579	0.371954	0.358206	0.26984
580	0.343943	0.469037	0.18702
581	0.288633	0.516586	0.194781
582	0.119838	0.458232	0.42193
583	0.366021	0.339357	0.294622
584	0.482852	0.300525	0.216623
585	0.417638	0.390543	0.191819
586	0.106176	0.166951	0.726873
587	0.344438	0.305649	0.349914
588	0.390572	0.219492	0.389936
589	0.332694	0.480456	0.18685
590	0.352952	0.4637	0.183347
591	0.40328	0.341228	0.255492
592	0.417595	0.443442	0.138962
593	0.416985	0.355826	0.22719
594	0.257217	0.427157	0.315625
595	0.413371	0.208006	0.378623
596	0.35622	0.314895	0.328885
597	0.450745	0.216113	0.333142
598	0.323259	0.460591	0.21615
599	0.355161	0.345273	0.299566
600	0.590505	0.288291	0.121204
601	0.324519	0.267995	0.407486
602	0.39276	0.38221	0.22503
603	0.211403	0.218719	0.569878
604	0.292049	0.374072	0.333878
605	0.982845	0.0124533	0.00470143
606	0.370236	0.216509	0.413255
607	0.392683	0.353168	0.254149
608	0.954496	0.0215121	0.0239923
609	0.534338	0.297159	0.168503
610	0.336867	0.385505	0.277628
611	0.255414	0.421039	0.323547
612	0.22475	0.399461	0.375789
613	0.281497	0.386929	0.331574
614	0.287049	0.39984	0.31311
615	0.538419	0.311047	0.150534
616	0.363291	0.277782	0.358926
617	0.282476	0.3669	0.350623
618	0.281985	0.444826	0.27319
619	0.242925	0.362087	0.394989
620	0.112028	0.427448	0.460524
621	0.444211	0.020545	0.535244
622	0.453462	0.153392	0.393145
623	0.0802716	0.31844	0.601289
624	0.307887	0.353033	0.33908
625	0.321376	0.463908	0.214716
626	0.185781	0.111708	0.702511
627	0.294901	0.349087	0.356012
628	0.258738	0.332625	0.408637
629	0.343077	0.0652121	0.591711
630	0.249901	0.370036	0.380063
631	0.291626	0.226416	0.481958
632	0.288137	0.471414	0.240448
633	0.457139	0.272595	0.270265
634	0.336367	0.398609	0.265023
635	0.194212	0.367485	0.438303
636	0.180288	0.154885	0.664827
637	0.19618	0.439602	0.364218
638	0.456089	0.4072	0.136711
639	0.317112	0.310075	0.372813
640	0.165384	0.146446	0.68817
641	0.320637	0.358402	0.320961
642	0.322086	0.315008	0.362906
643	0.307866	0.364227	0.327907
644	0.383388	0.257879	0.358733
645	0.350478	0.282385	0.367137
646	0.289111	0.380762	0.330127
647	0.32878	0.432072	0.239148
648	0.342852	0.28104	0.376108
649	0.270322	0.33047	0.399208
650	0.186896	0.41636	0.396745
651	0.310839	0.326669	0.362491
652	0.314639	0.272139	0.413223
653	0.510345	0.489655	0
654	0.229324	0.168726	0.60195
655	0.418565	0.275832	0.305603
656	0.260282	0.320585	0.419133
657	0.276531	0.236885	0.486584
658	0.303316	0.384819	0.311865
659	0.288601	0.37815	0.333249
660	0.289538	0.374431	0.336031
661	0.267216	0.424697	0.308087
662	0.215526	0.382395	0.402079
663	0.333271	0.333406	0.333323
664	0.193881	0.446905	0.359214
665	0.517699	0.13606	0.346241
666	0.225986	0.313761	0.460253
667	0.140617	0.437486	0.421897
668	0.16654	0.404263	0.429197
669	0.297119	0.398085	0.304796
670	0.244563	0.373228	0.382208
671	0.24347	0.38147	0.37506
672	0.306296	0.347129	0.346575
673	0.365819	0.206637	0.427543
674	0.346943	0.396305	0.256752
675	0.238427	0.445725	0.315849
676	0.312722	0.338182	0.349096
677	0.170467	0.361823	0.46771
678	0.392759	0.239582	0.367659
679	0.359235	0.350701	0.290064
680	0.412951	0.165314	0.421735
681	0.433306	0.314985	0.251709
682	0.277568	0.474334	0.248099
683	0.264247	0.318203	0.41755
684	0.453452	0.185295	0.361253
685	0.00334599	0.413767	0.582887
686	0.579961	0	0.420039
687	0.988701	0	0.0112993
688	0.00520838	0.28569	0.709102
689	0.269973	0.694001	0.036026
690	0.381359	0.281975	0.336665
691	0.306552	0.385609	0.307839
692	0.373632	0.276895	0.349474
693	0.547125	0.337826	0.115048
694	0.340332	0.378266	0.281403
695	0.35248	0.286266	0.361255
696	0.32336	0.345329	0.331311
697	0.374104	0.305166	0.320731
698	0.334025	0.342121	0.323854
699	0.539024	0.0357124	0.425264
700	0.136986	0.133746	0.729268
701	0.30732	0.354629	0.338051
702	0.439018	0.560982	0
703	0.0586335	0.406144	0.535222
704	0.854899	0.0621788	0.0829221
705	0.238372	0.441192	0.320436
706	0.316287	0.350176	0.333537
707	0.325905	0.376443	0.297652
708	0.311919	0.35934	0.328741
709	0.343978	0.350017	0.306005
710	0.399878	0.391715	0.208406
711	0.121356	0.44904	0.429605
712	0.00291746	0.00985887	0.987224
713	0.310357	0.268942	0.420701
714	0.248958	0.44601	0.305031
715	0.201342	0.630827	0.167831
716	0.0683495	0.527542	0.404108
717	0.304827	0.287475	0.407698
718	0.310795	0.373271	0.315934
719	0.276955	0.353016	0.370029
720	0.255535	0.39941	0.345055
721	0.255186	0.349959	0.394855
722	0.350238	0.301148	0.348614
723	0.36933	0.322511	0.308159
724	0.361079	0.316636	0.322285
725	0.143021	0.431265	0.425714
726	0.34876	0.304311	0.346929
727	0.318895	0.323225	0.35788
728	0.617253	0.351759	0.0309886
729	0.371	0.368149	0.260851
730	0.639467	0.0047521	0.355781
731	0.124562	0.595673	0.279765
732	0.357462	0.284082	0.358455
733	0.343577	0.290603	0.36582
734	0.102741	0.420509	0.476751
735	0.417768	0.24617	0.336062
736	0.123606	0.5757	0.300694
737	0.333171	0.240068	0.426761
738	0.460343	0.338247	0.20141
739	0.358962	0.444112	0.196925
740	0.223057	0.212496	0.564447
741	0.215238	0.365782	0.418979
742	0.292128	0.392745	0.315127
743	0.51821	0.237443	0.244347
744	0.308699	0.167911	0.52339
745	0.734228	0.173006	0.0927663
746	0.387135	0.279279	0.333586
747	0.216771	0.273605	0.509624
748	0.365077	0.34876	0.286163
749	0.393745	0.345747	0.260508
750	0.348175	0.260707	0.391118
751	0.32839	0.301968	0.369642
752	0.0834406	0.201441	0.715119
753	0.341756	0.35864	0.299604
754	0.449311	0.385994	0.164696
755	0.353234	0.344185	0.302581
756	0.52421	0.203099	0.272691
757	0.254009	0.319561	0.426429
758	0.359212	0.244566	0.396222
759	0.262222	0.332138	0.40564
760	0.456604	0.238117	0.305279
761	0.282771	0.257539	0.45969
762	0.356861	0.339811	0.303328
763	0.34883	0.371422	0.279747
764	0.301438	0.319274	0.379288
765	0.359404	0.341408	0.299187
766	0.209819	0.439789	0.350391
767	0.270908	0.47097	0.258122
768	0.265088	0.389956	0.344955
769	0.370678	0.191415	0.437907
770	0.380557	0.287356	0.332087
771	0.0608652	0.10437	0.834765
772	0.297209	0.288847	0.413944
773	0.0961545	0.248344	0.655502
774	0.344283	0.299496	0.356221
775	0.253446	0.223474	0.523081
776	0.678686	0.0975855	0.223729
777	0.0707402	0.432906	0.496354
778	0.257292	0.31573	0.426978
779	0.268446	0.308134	0.423421
780	0.311219	0.362119	0.326662
781	0.305864	0.337826	0.356309
782	0.359697	0.280623	0.35968
783	0.45201	0.318305	0.229685
784	0.447465	0.321799	0.230736
785	0.293174	0.184734	0.522092
786	0.23229	0.141782	0.625928
787	0.303127	0.39904	0.297834
788	0.165079	0.369059	0.465862
789	0.271931	0.371869	0.356201
790	0.371665	0.309974	0.318361
791	0.31292	0.381311	0.305769
792	0.358868	0.354052	0.28708
793	0.208085	0.377936	0.413979
794	0.329567	0.306598	0.363835
795	0.196163	0.396852	0.406985
796	0.279134	0.450695	0.270171
797	0.0241765	0.0304151	0.945408
798	0.350141	0.517129	0.13273
799	0.280355	0.385468	0.334177
800	0.191263	0.293579	0.515158
801	0.298128	0.377358	0.324514
802	0.488283	0.239677	0.27204
803	0.373549	0.292363	0.334087
804	0.186381	0.527773	0.285846
805	0.688758	0.179023	0.132219
806	0.0652706	0.437143	0.497587
807	0.418429	0.415594	0.165977
808	0.421913	0.336604	0.241483
809	0.22857	0.481121	0.290309
810	0.39847	0.322976	0.278553
811	0.284355	0.335624	0.380021
812	0.335801	0.349079	0.31512
813	0.361211	0.259416	0.379374
814	0.428663	0.301384	0.269954
815	0.452161	0.28205	0.265789
816	0.268808	0.323288	0.407903
817	0.432812	0.210877	0.35631
818	0.419285	0.315884	0.264831
819	0.25582	0.487785	0.256395
820	0.354109	0.279535	0.366355
821	0.397536	0.318825	0.283639
822	0.151367	0.558161	0.290472
823	0.860424	0.0820295	0.0575461
824	0.290635	0.253776	0.455589
825	0.341403	0.491505	0.167092
826	0.31688	0.346009	0.337112
827	0.285196	0.353379	0.361425
828	0.347119	0.336539	0.316342
829	0.436274	0.231517	0.332209
830	0.41603	0.268654	0.315316
831	0.302495	0.30997	0.387536
832	0.44588	0.265052	0.289067
833	0.351973	0.313206	0.334821
834	0.366503	0.268628	0.36487
835	0.298255	0.4542	0.247544
836	0.23551	0.211597	0.552893
837	0.310804	0.299833	0.389363
838	0.42776	0.351541	0.220699
839	0.359365	0.270507	0.370128
840	0.265319	0.514652	0.220029
841	0.846342	0.106054	0.0476041
842	0.306569	0.404906	0.288525
843	0.320261	0.409623	0.270116
844	0.0474769	0.689535	0.262988
845	0.355843	0.353891	0.290266
846	0.329044	0.333465	0.337491
847	0.486178	0.490802	0.0230207
848	0.254083	0.435999	0.309918
849	0.315611	0.390726	0.293664
850	0.999735	0.000265113	0
851	0.377922	0.296868	0.32521
852	0.329893	0.254057	0.41605
853	0.619579	0.0869972	0.293424
854	0.716916	0.137052	0.146032
855	0.324514	0.302598	0.372888
856	0.342835	0.389433	0.267733
857	0.345573	0.250805	0.403622
858	0.474117	0.130092	0.395791
859	0.27711	0.345764	0.377126
860	0.329674	0.41937	0.250956
861	0.32277	0.371683	0.305546
862	0.27409	0.338679	0.387231
863	0.235698	0.37376	0.390542
864	0.385	0.340007	0.274993
865	0.42764	0.459235	0.113125
866	0.381464	0.424524	0.194013
867	0.794559	0.122359	0.0830827
868	0.335963	0.369017	0.295021
869	0.239615	0.424547	0.335838
870	0.246795	0.661606	0.0915989
871	0.403199	0.402519	0.194283
872	0.352615	0.253528	0.393857
873	0.270802	0.365003	0.364195
874	0.290975	0.30255	0.406475
875	0.256534	0.362705	0.38076
876	0.34414	0.217767	0.438092
877	0.255281	0.360168	0.38455
878	0.324866	0.455114	0.220019
879	0.241739	0.452952	0.305308
880	0.324695	0.3348	0.340506
881	0.413032	0.437059	0.149908
882	0.261242	0.288897	0.449861
883	0.271096	0.300447	0.428458
884	0.354302	0.341748	0.30395
885	0.322163	0.36682	0.311018
886	0.290358	0.471268	0.238374
887	0.41832	0.291824	0.289856
888	0.288834	0.547831	0.163336
889	0.237232	0.481066	0.281702
890	0.337056	0.333709	0.329235
891	0.15975	0.11742	0.722831
892	0.298743	0.37221	0.329047
893	0.213671	0.18863	0.5977
894	0.361682	0.343538	0.29478
895	0.345044	0.235478	0.419477
896	0.331989	0.310988	0.357023
897	0.287042	0.358451	0.354507
898	0.265154	0.292589	0.442257
899	0.126145	0.482577	0.391278
900	0.311213	0.313039	0.375748
901	0.284883	0.322126	0.39299
902	0.50842	0.35973	0.13185
903	0.2837	0.345867	0.370433
904	0.344624	0.283822	0.371553
905	0.284011	0.305581	0.410408
906	0.317724	0.309984	0.372292
907	0.383089	0.247744	0.369167
908	0.191529	0.442212	0.36626
909	0.26508	0.391358	0.343563
910	0.340233	0.306392	0.353375
911	0.503978	0.472168	0.0238538
912	0.0620036	0.848965	0.0890314
913	0.405698	0.276086	0.318216
914	0.0695389	0.110281	0.82018
915	0.31325	0.238756	0.447994
916	0.27445	0.394486	0.331064
917	0.354441	0.296562	0.348997
918	0.361231	0.377655	0.261114
919	0.282701	0.360993	0.356306
920	0.299678	0.325705	0.374616
921	0.26765	0.285425	0.446925
922	0.322079	0.270249	0.407672
923	0.347244	0.435063	0.217693
924	0.365634	0.297682	0.336684
925	0.660602	0.227145	0.112253
926	0.374401	0.248589	0.37701
927	0.258039	0.308061	0.4339
928	0.316079	0.325992	0.357929
929	0.204948	0.35512	0.439931
930	0.120842	0.449219	0.429939
931	0.190749	0.284927	0.524324
932	0.250464	0.257265	0.492271
933	0.801975	0.0539946	0.144031
934	0.292962	0.426409	0.280629
935	0.343134	0.289929	0.366937
936	0.104739	0.362782	0.532479
937	0.140128	0.422906	0.436966
938	0.273304	0.453024	0.273672
939	0.377581	0.34171	0.280709
940	0.231001	0.347538	0.421461
941	0.384764	0.463046	0.15219
942	0.438997	0.371328	0.189676
943	0.33031	0.319623	0.350068
944	0.362847	0.291018	0.346135
945	0.235223	0.363288	0.40149
946	0.454192	0.262464	0.283344
947	0.386924	0.285944	0.327132
948	0.299723	0.310876	0.389401
949	0.391338	0.302405	0.306257
950	0.215375	0.416859	0.367765
951	0.45769	0.353475	0.188834
952	0.247174	0.192434	0.560392
953	0.322235	0.504642	0.173123
954	0.413109	0.305361	0.28153
955	0.208157	0.442584	0.349258
956	0.345687	0.356732	0.297582
957	0.0628431	0.778757	0.1584
958	0.138828	0.493335	0.367837
959	0.323775	0.445963	0.230262
960	0.109452	0.498551	0.391997
961	0.349628	0.176376	0.473996
962	0.315286	0.32877	0.355944
963	0.333922	0.228837	0.437241
964	0.58471	0.203978	0.211312
965	0.280934	0.407117	0.311948
966	0.821413	0.0543845	0.124202
967	0.228134	0.390934	0.380932
968	0.217518	0.395631	0.386851
969	0.179925	0.421492	0.398583
970	0.0863038	0.455444	0.458253
971	0.341376	0.318712	0.339912
972	0.15456	0.425303	0.420137
973	0.256835	0.379611	0.363554
974	0.256847	0.38854	0.354613
975	0.269551	0.379257	0.351192
976	0.105323	0.459017	0.43566
977	0.284933	0.305816	0.409252
978	0.30354	0.364248	0.332213
979	0.300402	0.37658	0.323018
980	0.326892	0.353922	0.319186
981	0.221565	0.384733	0.393702
982	0.465563	0.306795	0.227642
983	0.161921	0.722104	0.115975
984	0.325277	0.251467	0.423256
985	0.410915	0.0388149	0.55027
986	0.286623	0.347123	0.366254
987	0.299479	0.290243	0.410278
988	0.348611	0.375289	0.2761
989	0.379029	0.320759	0.300211
990	0.26703	0.370417	0.362553
991	0.175353	0.489228	0.33542
992	0.328102	0.308063	0.363835
993	0.321426	0.316739	0.361835
994	0.338853	0.409878	0.251269
995	0.266014	0.358951	0.375035
996	0.280537	0.470224	0.249239
997	0.455228	0.152661	0.39211
998	0.0964309	0.382502	0.521067
999	0.14067	0.156949	0.70238
1000	0.377354	0.245911	0.376735
1001	0.323478	0.277151	0.399371
1002	0.254345	0.477307	0.268348
1003	0.841623	0.0609846	0.0973923
1004	0.317085	0.348083	0.334832
1005	0.332994	0.361929	0.305077
1006	0.257926	0.494941	0.247133
1007	0.280394	0.372935	0.346671
1008	0.288195	0.426592	0.285213
1009	0.293632	0.414094	0.292274
1010	0.220867	0.396482	0.382651
1011	0.286678	0.337655	0.375667
1012	0.314974	0.51739	0.167636
1013	0.313768	0.358588	0.327644
1014	0.243085	0.346525	0.41039
1015	0.374613	0.37884	0.246547
1016	0.232888	0.232297	0.534815
1017	0.299212	0.425166	0.275622
1018	0.312852	0.337121	0.350027
1019	0.362878	0.470909	0.166213
1020	0.354183	0.25752	0.388296
1021	0.287582	0.287987	0.424431
1022	0.331151	0.344147	0.324702
1023	0.153967	0.548801	0.297233
1024	0.338039	0.363996	0.297964
1025	0.271702	0.413228	0.315069
1026	0.177897	0.509681	0.312422
1027	0.335227	0.36081	0.303962
1028	0.228791	0.500621	0.270588
1029	0.333652	0.0973132	0.569034
1030	0.325292	0.322794	0.351915
1031	0.263124	0.377164	0.359712
1032	0.212929	0.195028	0.592043
1033	0.356181	0.328637	0.315182
1034	0.282846	0.287962	0.429192
1035	0.252304	0.443129	0.304567
1036	0.163486	0.426638	0.409876
1037	0.323791	0.0821237	0.594085
1038	0.385621	0.317556	0.296823
1039	0.427563	0.329169	0.243268
1040	0.319927	0.353594	0.326479
1041	0.183006	0.441353	0.375641
1042	0.253217	0.282937	0.463846
1043	0.160957	0.643444	0.195599
1044	0.267948	0.338076	0.393976
1045	0.213177	0.407829	0.378994
1046	0.00571194	0.521652	0.472636
1047	0.00328746	0.0820741	0.914638
1048	0.322586	0.337735	0.339679
1049	0.362685	0.341437	0.295878
1050	0.305609	0.353612	0.340779
1051	0.150945	0.596251	0.252804
1052	0.270534	0.436792	0.292674
1053	0.294653	0.347461	0.357886
1054	0.262631	0.365568	0.371801
1055	0.25971	0.388414	0.351876
1056	0.414282	0.277157	0.308561
1057	0.33494	0.422787	0.242273
1058	0.308234	0.584762	0.107004
1059	0.647959	0.283066	0.0689755
1060	0.217507	0.466618	0.315875
1061	0.280597	0.40704	0.312363
1062	0.355863	0.346685	0.297452
1063	0.268458	0.3318	0.399743
1064	0.214622	0.35848	0.426899
1065	0.330274	0.493744	0.175982
1066	0.0915942	0.507836	0.40057
1067	0.388472	0.26613	0.345398
1068	0.341472	0.361326	0.297202
1069	0.319868	0.347562	0.33257
1070	0.287372	0.347949	0.364679
1071	0.379932	0.269671	0.350398
1072	0.221983	0.425191	0.352826
1073	0.370739	0.245301	0.38396
1074	0.258932	0.338983	0.402085
1075	0.301573	0.381537	0.31689
1076	0.419207	0.323769	0.257024
1077	0.357668	0.542705	0.0996268
1078	0.461381	0.28319	0.255428
1079	0.41535	0.348572	0.236078
1080	0.430167	0.287723	0.282109
1081	0.328917	0.322242	0.34884
1082	0.0807324	0.73951	0.179758
1083	0.260173	0.421149	0.318678
1084	0.117915	0.615175	0.26691
1085	0.284998	0.203647	0.511355
1086	0.244818	0.343311	0.41187
1087	0.364423	0.34801	0.287567
1088	0.427236	0.334426	0.238338
1089	0.450224	0.265936	0.28384
1090	0.169366	0.754743	0.0758908
1091	0.310777	0.369756	0.319468
1092	0.399626	0.0216528	0.578721
1093	0.459617	0.339561	0.200822
1094	0.332575	0.285445	0.38198
1095	0.0148782	0.969184	0.0159376
1096	0.438985	0.297303	0.263712
1097	0.405514	0.38763	0.206856
1098	0.266912	0.466375	0.266713
1099	0.335448	0.458424	0.206128
1100	0.319982	0.239691	0.440327
1101	0.616657	0.263847	0.119496
1102	0.806032	0.0981334	0.0958349
1103	0.446907	0.410726	0.142366
1104	0.29146	0.421469	0.28707
1105	0.136115	0.366913	0.496972
1106	0.330889	0.263478	0.405633
1107	0.276751	0.416572	0.306678
1108	0.459833	0.310605	0.229562
1109	0.285348	0.624192	0.0904601
1110	0.338897	0.413575	0.247529
1111	0.242343	0.491259	0.266399
1112	0.239204	0.535318	0.225477
1113	0.486028	0.322291	0.191681
1114	0.367488	0.364495	0.268017
1115	0.41036	0.288194	0.301446
1116	0.158972	0.358975	0.482053
1117	0.159647	0.504613	0.33574
1118	0.647061	0.048766	0.304173
1119	0.364879	0.343944	0.291177
1120	0.327599	0.668396	0.00400519
1121	0.318433	0.39528	0.286287
1122	0.308416	0.449679	0.241905
1123	0.295482	0.439706	0.264811
1124	0.239717	0.539873	0.22041
1125	0.467087	0.372772	0.160141
1126	0.454876	0.335979	0.209145
1127	0.401213	0.348657	0.25013
1128	0.549411	0.359628	0.0909611
1129	0.718736	0.10768	0.173584
1130	0.259483	0.458043	0.282474
1131	0.335255	0.33715	0.327595
1132	0.277294	0.48047	0.242236
1133	0.992689	0.000774216	0.00653717
1134	0.41424	0.308505	0.277255
1135	0.312151	0.469621	0.218227
1136	0.467778	0.395238	0.136984
1137	0.473272	0.193107	0.333622
1138	0.36142	0.31171	0.326871
1139	0.379858	0.222039	0.398103
1140	0.000176546	0.550492	0.449332
1141	0.392709	0.295885	0.311407
1142	0.275722	0.389391	0.334888
1143	0.252972	0.428773	0.318255
1144	0.293783	0.178363	0.527854
1145	0.436947	0.220684	0.342369
1146	0.238857	0.529626	0.231517
1147	0.743557	0.25408	0.00236291
1148	0.309318	0.288211	0.402471
1149	0.354238	0.46132	0.184442
1150	0.11504	0.821953	0.0630069
1151	0.277022	0.37896	0.344019
1152	0.238745	0.61174	0.149515
1153	0.033194	0.737177	0.229629
1154	0.371916	0.332295	0.295788
1155	0.84026	0.0132676	0.146472
1156	0.657151	0.0951156	0.247734
1157	0.922555	0.0571143	0.0203308
1158	0.18238	0.556647	0.260973
1159	0.138198	0.419294	0.442507
1160	0.362998	0.353184	0.283818
1161	0.365253	0.363105	0.271642
1162	0.317091	0.347807	0.335102
1163	0.452971	0.541481	0.00554852
1164	0.532428	0	0.467572
1165	0.0414838	0.454457	0.504059
1166	0.101762	0.596245	0.301993
1167	0.360929	0.31368	0.32539
1168	0.961846	0.0230317	0.0151228
1169	0.165405	0.602787	0.231807
1170	0.779624	0.150221	0.0701549
1171	0.0301631	0.030903	0.938934
1172	0.204819	0.111386	0.683796
1173	0.0395112	0.188313	0.772176
1174	0.478789	0.497691	0.0235207
1175	0.392571	0.00882645	0.598603
1176	0.0556182	0.831182	0.1132
1177	0.555512	0.20802	0.236468
1178	0.335628	0.235106	0.429266
1179	0.996741	0.00325902	0
1180	0.4608	0.252562	0.286638
1181	0.195456	0.469802	0.334742
1182	0.626002	0.207083	0.166914
1183	0.476491	0.212299	0.311211
1184	0.590536	0.359085	0.0503786
1185	0.13049	0.563604	0.305906
1186	0	0.238548	0.761452
1187	0.989822	0.00119954	0.00897813
1188	0.0385799	0	0.96142
1189	0.528153	0.193952	0.277895
1190	0.0743178	0.793225	0.132458
1191	0.0756674	0.867249	0.0570836
1192	0.00604594	0.98663	0.00732362
1193	0.562636	0.0354328	0.401932
1194	0.383229	0.141214	0.475557
1195	0.258421	0.482682	0.258897
1196	0.0255862	0.970345	0.00406898
1197	0.182062	0.631928	0.186009
1198	0.818205	0.00453801	0.177257
1199	0.62251	0.00225632	0.375234
1200	0.42666	0.324217	0.249123
1201	0.676253	0.0426062	0.281141
1202	0.997875	0.00115144	0.000974028
1203	0.000503246	0.400772	0.598725
1204	0.233963	0.374692	0.391346
1205	0.324865	0.448925	0.22621
1206	0.133268	0.261327	0.605404
1207	0.31919	0.309955	0.370854
1208	0.367069	0.411715	0.221216
1209	0.253187	0.391565	0.355248
1210	0.293468	0.310921	0.395611
1211	0.337961	0.296236	0.365804
1212	0.195545	0.363871	0.440583
1213	0.281856	0.342296	0.375848
1214	0	0.994151	0.00584866
1215	0.980681	0.00520217	0.0141163
1216	0.324155	0.586237	0.0896077
1217	0.369151	0.489239	0.141611
1218	0.243281	0.500572	0.256147
1219	0.481666	0.331024	0.18731
1220	0.357107	0.353513	0.289381
1221	0.365602	0.402574	0.231825
1222	0.31198	0.407504	0.280516
1223	0.00541354	0.942002	0.0525849
1224	0.336771	0.334968	0.328261
1225	0.220197	0.364091	0.415712
1226	0.910768	0.0876052	0.0016264
1227	0.307461	0.0051068	0.687433
1228	0.131833	0.031152	0.837015
1229	0.225186	0.322784	0.45203
1230	0.243163	0.651556	0.105281
1231	0.548858	0.438181	0.0129607
1232	0.322644	0.49755	0.179806
1233	0.620581	0.345753	0.0336659
1234	0.305952	0.341235	0.352814
1235	0.388228	0.262427	0.349346
1236	0.310999	0.342915	0.346087
1237	0.338703	0.569145	0.0921519
1238	0.432395	0.331215	0.23639
1239	0.213255	0.785251	0.00149342
1240	0.297886	0.374666	0.327448
1241	0.309851	0.412172	0.277977
1242	0.359914	0.421261	0.218824
1243	0.396767	0.373337	0.229896
1244	0.507298	0.304805	0.187897
1245	0.356816	0.446045	0.197139
1246	0.411728	0.358423	0.229849
1247	0.496842	0.390245	0.112914
1248	0.576044	0.29093	0.133027
1249	0.261729	0.53528	0.202991
1250	0.319514	0.240823	0.439662
